0.000000, 0.100000
0.014648, 0.113802
0.029297, 0.112039
0.043945, 0.106441
0.058594, 0.119360
0.073242, 0.122537
0.087891, 0.119933
0.102539, 0.132538
0.117188, 0.157734
0.131836, 0.142909
0.146484, 0.148972
0.161133, 0.141597
0.175781, 0.150049
0.190430, 0.162091
0.205078, 0.153391
0.219727, 0.182472
0.234375, 0.178491
0.249023, 0.150772
0.263672, 0.140749
0.278320, 0.166432
0.292969, 0.184756
0.307617, 0.218732
0.322266, 0.225027
0.336914, 0.257731
0.351562, 0.246797
0.366211, 0.292369
0.380859, 0.317071
0.395508, 0.309208
0.410156, 0.258082
0.424805, 0.272568
0.439453, 0.305456
0.454102, 0.322185
0.468750, 0.368133
0.483398, 0.335090
0.498047, 0.294112
0.512695, 0.276072
0.527344, 0.338124
0.541992, 0.327673
0.556641, 0.345275
0.571289, 0.319393
0.585938, 0.271164
0.600586, 0.300714
0.615234, 0.260395
0.629883, 0.234034
0.644531, 0.256747
0.659180, 0.261966
0.673828, 0.245317
0.688477, 0.298704
0.703125, 0.265956
0.717773, 0.257729
0.732422, 0.277269
0.747070, 0.263341
0.761719, 0.304306
0.776367, 0.288859
0.791016, 0.278702
0.805664, 0.290971
0.820312, 0.313964
0.834961, 0.295486
0.849609, 0.263190
0.864258, 0.309637
0.878906, 0.334151
0.893555, 0.297620
0.908203, 0.296756
0.922852, 0.284701
0.937500, 0.301953
0.952148, 0.319024
0.966797, 0.307107
0.981445, 0.295366
0.996094, 0.329227
1.010742, 0.307592
1.025391, 0.298429
1.040039, 0.296133
1.054688, 0.304636
1.069336, 0.370648
1.083984, 0.382351
1.098633, 0.451064
1.113281, 0.469693
1.127930, 0.393832
1.142578, 0.428025
1.157227, 0.412491
1.171875, 0.495461
1.186523, 0.478305
1.201172, 0.476009
1.215820, 0.473726
1.230469, 0.444311
1.245117, 0.454626
1.259766, 0.491992
1.274414, 0.506745
1.289062, 0.468130
1.303711, 0.504058
1.318359, 0.461367
1.333008, 0.531006
1.347656, 0.663944
1.362305, 0.593844
1.376953, 0.644549
1.391602, 0.755766
1.406250, 0.755736
1.420898, 0.785618
1.435547, 0.712774
1.450195, 0.700126
1.464844, 0.784621
1.479492, 0.643557
1.494141, 0.662169
1.508789, 0.649014
1.523438, 0.661491
1.538086, 0.714468
1.552734, 0.747493
1.567383, 0.769364
1.582031, 0.664646
1.596680, 0.694327
1.611328, 0.697884
1.625977, 0.553518
1.640625, 0.565031
1.655273, 0.493760
1.669922, 0.430489
1.684570, 0.450423
1.699219, 0.511176
1.713867, 0.459278
1.728516, 0.402738
1.743164, 0.382958
1.757812, 0.366352
1.772461, 0.400584
1.787109, 0.417367
1.801758, 0.360922
1.816406, 0.354935
1.831055, 0.394630
1.845703, 0.326833
1.860352, 0.348961
1.875000, 0.397170
1.889648, 0.378813
1.904297, 0.362581
1.918945, 0.383354
1.933594, 0.370043
1.948242, 0.396103
1.962891, 0.462262
1.977539, 0.416296
1.992188, 0.421603
2.006836, 0.387856
2.021484, 0.437363
2.036133, 0.482851
2.050781, 0.509724
2.065430, 0.581816
2.080078, 0.656957
2.094727, 0.600940
2.109375, 0.689332
2.124023, 0.700895
2.138672, 0.687343
2.153320, 0.736850
2.167969, 0.885627
2.182617, 0.842609
2.197266, 0.778912
2.211914, 0.757565
2.226562, 0.773877
2.241211, 0.838776
2.255859, 0.788429
2.270508, 0.703274
2.285156, 0.698110
2.299805, 0.708822
2.314453, 0.834333
2.329102, 0.693031
2.343750, 0.706481
2.358398, 0.669332
2.373047, 0.642996
2.387695, 0.684472
2.402344, 0.523122
2.416992, 0.581101
2.431641, 0.597661
2.446289, 0.587100
2.460938, 0.581903
2.475586, 0.538231
2.490234, 0.446011
2.504883, 0.422314
2.519531, 0.436618
2.534180, 0.445734
2.548828, 0.450162
2.563477, 0.391819
2.578125, 0.478723
2.592773, 0.498655
2.607422, 0.548234
2.622070, 0.603141
2.636719, 0.635536
2.651367, 0.564312
2.666016, 0.463741
2.680664, 0.528260
2.695312, 0.572012
2.709961, 0.614763
2.724609, 0.608116
2.739258, 0.628587
2.753906, 0.567506
2.768555, 0.577926
2.783203, 0.590834
2.797852, 0.608590
2.812500, 0.636090
2.827148, 0.516616
2.841797, 0.415172
2.856445, 0.393536
2.871094, 0.465692
2.885742, 0.496582
2.900391, 0.414768
2.915039, 0.323088
2.929688, 0.334697
2.944336, 0.285663
2.958984, 0.298738
2.973633, 0.301291
2.988281, 0.306765
3.002930, 0.338135
3.017578, 0.330081
3.032227, 0.396479
3.046875, 0.331917
3.061523, 0.275230
3.076172, 0.276348
3.090820, 0.245499
3.105469, 0.236815
3.120117, 0.186226
3.134766, 0.188316
3.149414, 0.175848
3.164062, 0.165191
3.178711, 0.166643
3.193359, 0.148516
3.208008, 0.137322
3.222656, 0.139159
3.237305, 0.141811
3.251953, 0.145918
3.266602, 0.169200
3.281250, 0.196120
3.295898, 0.203106
3.310547, 0.197573
3.325195, 0.185661
3.339844, 0.176867
3.354492, 0.171304
3.369141, 0.168685
3.383789, 0.183377
3.398438, 0.198365
3.413086, 0.230357
3.427734, 0.224470
3.442383, 0.221724
3.457031, 0.222442
3.471680, 0.201872
3.486328, 0.236215
3.500977, 0.235971
3.515625, 0.204059
3.530273, 0.241095
3.544922, 0.255484
3.559570, 0.218198
3.574219, 0.254244
3.588867, 0.251462
3.603516, 0.247094
3.618164, 0.272758
3.632812, 0.192441
3.647461, 0.215286
3.662109, 0.226793
3.676758, 0.209757
3.691406, 0.230609
3.706055, 0.199006
3.720703, 0.222886
3.735352, 0.259112
3.750000, 0.261022
3.764648, 0.252240
3.779297, 0.242121
3.793945, 0.209042
3.808594, 0.249518
3.823242, 0.258086
3.837891, 0.274149
3.852539, 0.265997
3.867188, 0.281502
3.881836, 0.263631
3.896484, 0.274564
3.911133, 0.289896
3.925781, 0.275913
3.940430, 0.287270
3.955078, 0.276341
3.969727, 0.275566
3.984375, 0.260660
3.999023, 0.293145
4.013672, 0.351638
4.028320, 0.344129
4.042969, 0.339998
4.057617, 0.273247
4.072266, 0.222092
4.086914, 0.242439
4.101562, 0.256274
4.116211, 0.287636
4.130859, 0.307704
4.145508, 0.326955
4.160156, 0.296754
4.174805, 0.245565
4.189453, 0.229795
4.204102, 0.213198
4.218750, 0.225410
4.233398, 0.241549
4.248047, 0.256529
4.262695, 0.285156
4.277344, 0.332284
4.291992, 0.326096
4.306641, 0.339299
4.321289, 0.339440
4.335938, 0.264115
4.350586, 0.282224
4.365234, 0.244126
4.379883, 0.271786
4.394531, 0.286465
4.409180, 0.283736
4.423828, 0.297792
4.438477, 0.306496
4.453125, 0.313603
4.467773, 0.305912
4.482422, 0.259760
4.497070, 0.272449
4.511719, 0.311971
4.526367, 0.267428
4.541016, 0.265805
4.555664, 0.298547
4.570312, 0.259867
4.584961, 0.266547
4.599609, 0.279740
4.614258, 0.242584
4.628906, 0.192497
4.643555, 0.189565
4.658203, 0.214937
4.672852, 0.210870
4.687500, 0.198282
4.702148, 0.230678
4.716797, 0.236377
4.731445, 0.194886
4.746094, 0.199690
4.760742, 0.179234
4.775391, 0.174129
4.790039, 0.158976
4.804688, 0.175010
4.819336, 0.205661
4.833984, 0.218973
4.848633, 0.239727
4.863281, 0.225631
4.877930, 0.211048
4.892578, 0.277307
4.907227, 0.274200
4.921875, 0.228075
4.936523, 0.248823
4.951172, 0.241039
4.965820, 0.249967
4.980469, 0.281623
4.995117, 0.319046
5.009766, 0.375096
5.024414, 0.388175
5.039062, 0.380063
5.053711, 0.430653
5.068359, 0.402375
5.083008, 0.436149
5.097656, 0.402234
5.112305, 0.379206
5.126953, 0.426003
5.141602, 0.367377
5.156250, 0.332178
5.170898, 0.380489
5.185547, 0.440682
5.200195, 0.417092
5.214844, 0.424387
5.229492, 0.437427
5.244141, 0.417626
5.258789, 0.386960
5.273438, 0.367878
5.288086, 0.384421
5.302734, 0.407861
5.317383, 0.393400
5.332031, 0.307770
5.346680, 0.330942
5.361328, 0.307913
5.375977, 0.345730
5.390625, 0.331358
5.405273, 0.334129
5.419922, 0.345826
5.434570, 0.275373
5.449219, 0.256396
5.463867, 0.238979
5.478516, 0.210512
5.493164, 0.191660
5.507812, 0.188778
5.522461, 0.184346
5.537109, 0.235853
5.551758, 0.240315
5.566406, 0.244593
5.581055, 0.260826
5.595703, 0.210361
5.610352, 0.226570
5.625000, 0.224183
5.639648, 0.215382
5.654297, 0.228589
5.668945, 0.203874
5.683594, 0.198935
5.698242, 0.198224
5.712891, 0.155449
5.727539, 0.140468
5.742188, 0.135860
5.756836, 0.150066
5.771484, 0.158780
5.786133, 0.160574
5.800781, 0.140225
5.815430, 0.159891
5.830078, 0.152077
5.844727, 0.149385
5.859375, 0.145081
5.874023, 0.105916
5.888672, 0.115690
5.903320, 0.111240
5.917969, 0.111100
5.932617, 0.115858
5.947266, 0.123590
5.961914, 0.118010
5.976562, 0.109105
5.991211, 0.112403
6.005859, 0.120665
6.020508, 0.102129
6.035156, 0.085995
6.049805, 0.083733
6.064453, 0.091520
6.079102, 0.090329
6.093750, 0.077793
6.108398, 0.089116
6.123047, 0.092138
6.137695, 0.086613
6.152344, 0.096705
6.166992, 0.108984
6.181641, 0.112908
6.196289, 0.101339
6.210938, 0.093214
6.225586, 0.092915
6.240234, 0.076819
6.254883, 0.071068
6.269531, 0.078963
6.284180, 0.101354
6.298828, 0.099863
6.313477, 0.094527
6.328125, 0.090013
6.342773, 0.101882
6.357422, 0.110614
6.372070, 0.094257
6.386719, 0.085327
6.401367, 0.080367
6.416016, 0.090000
6.430664, 0.102055
6.445312, 0.105548
6.459961, 0.094572
6.474609, 0.086607
6.489258, 0.083068
6.503906, 0.088551
6.518555, 0.104357
6.533203, 0.114589
6.547852, 0.102556
6.562500, 0.097889
6.577148, 0.100556
6.591797, 0.071537
6.606445, 0.063689
6.621094, 0.061352
6.635742, 0.064195
6.650391, 0.069441
6.665039, 0.062803
6.679688, 0.050890
6.694336, 0.046657
6.708984, 0.051715
6.723633, 0.048100
6.738281, 0.047194
6.752930, 0.049356
6.767578, 0.052222
6.782227, 0.052826
6.796875, 0.047955
6.811523, 0.046495
6.826172, 0.060060
6.840820, 0.061005
6.855469, 0.072230
6.870117, 0.068736
6.884766, 0.063027
6.899414, 0.069409
6.914062, 0.058783
6.928711, 0.051452
6.943359, 0.053814
6.958008, 0.052808
6.972656, 0.052382
6.987305, 0.056657
7.001953, 0.061598
7.016602, 0.049968
7.031250, 0.037455
7.045898, 0.042216
7.060547, 0.034524
7.075195, 0.032614
7.089844, 0.025869
7.104492, 0.024356
7.119141, 0.025536
7.133789, 0.026914
7.148438, 0.026290
7.163086, 0.026566
7.177734, 0.027717
7.192383, 0.028363
7.207031, 0.026030
7.221680, 0.020599
7.236328, 0.021921
7.250977, 0.021722
7.265625, 0.022053
7.280273, 0.023468
7.294922, 0.025877
7.309570, 0.024573
7.324219, 0.023416
7.338867, 0.020203
7.353516, 0.021183
7.368164, 0.026555
7.382812, 0.025217
7.397461, 0.028075
7.412109, 0.024492
7.426758, 0.032153
7.441406, 0.022330
7.456055, 0.026484
7.470703, 0.026498
7.485352, 0.026342
7.500000, 0.027768
7.514648, 0.023847
7.529297, 0.023457
7.543945, 0.020761
7.558594, 0.023203
7.573242, 0.029806
7.587891, 0.029939
7.602539, 0.030538
7.617188, 0.032072
7.631836, 0.032869
7.646484, 0.036576
7.661133, 0.040889
7.675781, 0.045671
7.690430, 0.043357
7.705078, 0.033530
7.719727, 0.032312
7.734375, 0.029383
7.749023, 0.029803
7.763672, 0.030704
7.778320, 0.027476
7.792969, 0.025397
7.807617, 0.028811
7.822266, 0.034064
7.836914, 0.032629
7.851562, 0.032297
7.866211, 0.029299
7.880859, 0.033779
7.895508, 0.040492
7.910156, 0.043241
7.924805, 0.044625
7.939453, 0.045793
7.954102, 0.044651
7.968750, 0.045500
7.983398, 0.046914
7.998047, 0.051665
8.012695, 0.044362
8.027344, 0.038792
8.041992, 0.033903
8.056641, 0.037058
8.071289, 0.038074
8.085938, 0.034191
8.100586, 0.033006
8.115234, 0.033619
8.129883, 0.035699
8.144531, 0.032355
8.159180, 0.041402
8.173828, 0.034858
8.188477, 0.038856
8.203125, 0.046117
8.217773, 0.042561
8.232422, 0.042558
8.247070, 0.042482
8.261719, 0.052232
8.276367, 0.052075
8.291016, 0.046043
8.305664, 0.049573
8.320312, 0.051910
8.334961, 0.053908
8.349609, 0.037243
8.364258, 0.041070
8.378906, 0.040317
8.393555, 0.041276
8.408203, 0.045191
8.422852, 0.051950
8.437500, 0.055210
8.452148, 0.063378
8.466797, 0.056276
8.481445, 0.056564
8.496094, 0.065080
8.510742, 0.060396
8.525391, 0.068202
8.540039, 0.062653
8.554688, 0.061567
8.569336, 0.064129
8.583984, 0.067631
8.598633, 0.066121
8.613281, 0.051413
8.627930, 0.055256
8.642578, 0.056075
8.657227, 0.066686
8.671875, 0.065579
8.686523, 0.061879
8.701172, 0.068192
8.715820, 0.071371
8.730469, 0.077870
8.745117, 0.069521
8.759766, 0.057435
8.774414, 0.049616
8.789062, 0.051175
8.803711, 0.051832
8.818359, 0.052069
8.833008, 0.054299
8.847656, 0.049491
8.862305, 0.043438
8.876953, 0.046191
8.891602, 0.044214
8.906250, 0.037079
8.920898, 0.030283
8.935547, 0.032734
8.950195, 0.038611
8.964844, 0.041401
8.979492, 0.041921
8.994141, 0.046413
9.008789, 0.039899
9.023438, 0.036600
9.038086, 0.043423
9.052734, 0.048995
9.067383, 0.050650
9.082031, 0.040923
9.096680, 0.045747
9.111328, 0.047269
9.125977, 0.038044
9.140625, 0.037855
9.155273, 0.040210
9.169922, 0.035734
9.184570, 0.041170
9.199219, 0.038081
9.213867, 0.039536
9.228516, 0.040354
9.243164, 0.041665
9.257812, 0.047071
9.272461, 0.047782
9.287109, 0.052234
9.301758, 0.044123
9.316406, 0.040338
9.331055, 0.037502
9.345703, 0.033482
9.360352, 0.033583
9.375000, 0.034352
9.389648, 0.027899
9.404297, 0.026896
9.418945, 0.028730
9.433594, 0.023522
9.448242, 0.020446
9.462891, 0.020243
9.477539, 0.019935
9.492188, 0.022318
9.506836, 0.023206
9.521484, 0.022443
9.536133, 0.027198
9.550781, 0.030444
9.565430, 0.024806
9.580078, 0.026244
9.594727, 0.026400
9.609375, 0.025887
9.624023, 0.019659
9.638672, 0.019411
9.653320, 0.019068
9.667969, 0.019333
9.682617, 0.019670
9.697266, 0.020540
9.711914, 0.015407
9.726562, 0.018977
9.741211, 0.016659
9.755859, 0.018860
9.770508, 0.020314
9.785156, 0.022063
9.799805, 0.020107
9.814453, 0.018508
9.829102, 0.019185
9.843750, 0.016607
9.858398, 0.013867
9.873047, 0.014599
9.887695, 0.015144
9.902344, 0.013771
9.916992, 0.019063
9.931641, 0.018929
9.946289, 0.020856
9.960938, 0.026123
9.975586, 0.024788
9.990234, 0.021901
10.004883, 0.025801
10.019531, 0.026686
10.034180, 0.030073
10.048828, 0.030797
10.063477, 0.032405
10.078125, 0.032451
10.092773, 0.024396
10.107422, 0.022088
10.122070, 0.018269
10.136719, 0.017028
10.151367, 0.015485
10.166016, 0.015679
10.180664, 0.015582
10.195312, 0.012882
10.209961, 0.012736
10.224609, 0.013616
10.239258, 0.015966
10.253906, 0.016105
10.268555, 0.015053
10.283203, 0.016375
10.297852, 0.014688
10.312500, 0.015711
10.327148, 0.016765
10.341797, 0.012148
10.356445, 0.011725
10.371094, 0.012295
10.385742, 0.012098
10.400391, 0.011489
10.415039, 0.009985
10.429688, 0.008908
10.444336, 0.006749
10.458984, 0.006679
10.473633, 0.007696
10.488281, 0.007825
10.502930, 0.009516
10.517578, 0.010340
10.532227, 0.009376
10.546875, 0.007166
10.561523, 0.007599
10.576172, 0.006565
10.590820, 0.008082
10.605469, 0.009122
10.620117, 0.009726
10.634766, 0.010741
10.649414, 0.011769
10.664062, 0.011558
10.678711, 0.012295
10.693359, 0.010088
10.708008, 0.009380
10.722656, 0.009233
10.737305, 0.009038
10.751953, 0.010341
10.766602, 0.011317
10.781250, 0.011250
10.795898, 0.011347
10.810547, 0.012594
10.825195, 0.013109
10.839844, 0.014282
10.854492, 0.012512
10.869141, 0.010445
10.883789, 0.011691
10.898438, 0.010789
10.913086, 0.012107
10.927734, 0.014980
10.942383, 0.014801
10.957031, 0.016962
10.971680, 0.015397
10.986328, 0.014429
11.000977, 0.014845
11.015625, 0.015312
11.030273, 0.018828
11.044922, 0.019614
11.059570, 0.019295
11.074219, 0.018041
11.088867, 0.016218
11.103516, 0.016320
11.118164, 0.016474
11.132812, 0.016387
11.147461, 0.013424
11.162109, 0.014228
11.176758, 0.015569
11.191406, 0.014796
11.206055, 0.017742
11.220703, 0.018055
11.235352, 0.018113
11.250000, 0.019141
11.264648, 0.018710
11.279297, 0.020145
11.293945, 0.018244
11.308594, 0.018139
11.323242, 0.019515
11.337891, 0.020578
11.352539, 0.022713
11.367188, 0.025020
11.381836, 0.018329
11.396484, 0.018759
11.411133, 0.018205
11.425781, 0.022537
11.440430, 0.022232
11.455078, 0.021858
11.469727, 0.025535
11.484375, 0.026167
11.499023, 0.029239
11.513672, 0.026399
11.528320, 0.030527
11.542969, 0.034798
11.557617, 0.036304
11.572266, 0.039554
11.586914, 0.035792
11.601562, 0.035955
11.616211, 0.035661
11.630859, 0.032513
11.645508, 0.028052
11.660156, 0.028569
11.674805, 0.027909
11.689453, 0.031493
11.704102, 0.034247
11.718750, 0.033126
11.733398, 0.034605
11.748047, 0.037913
11.762695, 0.038625
11.777344, 0.035874
11.791992, 0.032725
11.806641, 0.038414
11.821289, 0.042412
11.835938, 0.035729
11.850586, 0.040694
11.865234, 0.041355
11.879883, 0.047097
11.894531, 0.046692
11.909180, 0.046995
11.923828, 0.050390
11.938477, 0.057703
11.953125, 0.068243
11.967773, 0.063183
11.982422, 0.069071
11.997070, 0.058601
12.011719, 0.059123
12.026367, 0.065844
12.041016, 0.054582
12.055664, 0.045705
12.070312, 0.040304
12.084961, 0.043223
12.099609, 0.051409
12.114258, 0.048564
12.128906, 0.044381
12.143555, 0.051424
12.158203, 0.069180
12.172852, 0.068987
12.187500, 0.068035
12.202148, 0.064277
12.216797, 0.059892
12.231445, 0.062510
12.246094, 0.057011
12.260742, 0.056640
12.275391, 0.056690
12.290039, 0.057717
12.304688, 0.063504
12.319336, 0.043856
12.333984, 0.040045
12.348633, 0.032981
12.363281, 0.038511
12.377930, 0.033939
12.392578, 0.035594
12.407227, 0.038605
12.421875, 0.032990
12.436523, 0.038144
12.451172, 0.041912
12.465820, 0.046889
12.480469, 0.034960
12.495117, 0.041777
12.509766, 0.044302
12.524414, 0.047895
12.539062, 0.040271
12.553711, 0.028278
12.568359, 0.027474
12.583008, 0.026025
12.597656, 0.025773
12.612305, 0.026634
12.626953, 0.025288
12.641602, 0.021962
12.656250, 0.021667
12.670898, 0.021250
12.685547, 0.019679
12.700195, 0.018766
12.714844, 0.019267
12.729492, 0.022661
12.744141, 0.022635
12.758789, 0.025556
12.773438, 0.029523
12.788086, 0.027209
12.802734, 0.023337
12.817383, 0.022441
12.832031, 0.022872
12.846680, 0.023054
12.861328, 0.022387
12.875977, 0.022711
12.890625, 0.024219
12.905273, 0.023874
12.919922, 0.018795
12.934570, 0.021248
12.949219, 0.021466
12.963867, 0.024542
12.978516, 0.023950
12.993164, 0.023294
13.007812, 0.023650
13.022461, 0.025258
13.037109, 0.023450
13.051758, 0.023050
13.066406, 0.022424
13.081055, 0.022620
13.095703, 0.022864
13.110352, 0.020979
13.125000, 0.023508
13.139648, 0.026730
13.154297, 0.025696
13.168945, 0.025475
13.183594, 0.023438
13.198242, 0.026082
13.212891, 0.024343
13.227539, 0.020097
13.242188, 0.021368
13.256836, 0.024275
13.271484, 0.025083
13.286133, 0.021478
13.300781, 0.025522
13.315430, 0.031972
13.330078, 0.033886
13.344727, 0.031831
13.359375, 0.031978
13.374023, 0.037342
13.388672, 0.029047
13.403320, 0.028023
13.417969, 0.029671
13.432617, 0.029755
13.447266, 0.027849
13.461914, 0.023111
13.476562, 0.023231
13.491211, 0.018875
13.505859, 0.016978
13.520508, 0.015667
13.535156, 0.013929
13.549805, 0.015845
13.564453, 0.015056
13.579102, 0.015096
13.593750, 0.016996
13.608398, 0.012510
13.623047, 0.014002
13.637695, 0.014312
13.652344, 0.016219
13.666992, 0.014095
13.681641, 0.013645
13.696289, 0.012678
13.710938, 0.013402
13.725586, 0.013033
13.740234, 0.010445
13.754883, 0.011613
13.769531, 0.012845
13.784180, 0.011625
13.798828, 0.010841
13.813477, 0.009356
13.828125, 0.008427
13.842773, 0.009148
13.857422, 0.008110
13.872070, 0.007289
13.886719, 0.008213
13.901367, 0.007999
13.916016, 0.007067
13.930664, 0.006723
13.945312, 0.006412
13.959961, 0.006995
13.974609, 0.007252
13.989258, 0.006673
14.003906, 0.007382
14.018555, 0.006918
14.033203, 0.007467
14.047852, 0.007704
14.062500, 0.009275
14.077148, 0.008761
14.091797, 0.008143
14.106445, 0.009323
14.121094, 0.010066
14.135742, 0.011903
14.150391, 0.012898
14.165039, 0.013810
14.179688, 0.013667
14.194336, 0.010503
14.208984, 0.011912
14.223633, 0.013710
14.238281, 0.015994
14.252930, 0.015106
14.267578, 0.013209
14.282227, 0.013631
14.296875, 0.012835
14.311523, 0.014830
14.326172, 0.013779
14.340820, 0.013005
14.355469, 0.014089
14.370117, 0.013525
14.384766, 0.014194
14.399414, 0.016238
14.414062, 0.018422
14.428711, 0.017083
14.443359, 0.016567
14.458008, 0.017673
14.472656, 0.017526
14.487305, 0.014916
14.501953, 0.015092
14.516602, 0.015546
14.531250, 0.017701
14.545898, 0.015770
14.560547, 0.014114
14.575195, 0.012345
14.589844, 0.010903
14.604492, 0.011390
14.619141, 0.012041
14.633789, 0.011802
14.648438, 0.009226
14.663086, 0.009131
14.677734, 0.008267
14.692383, 0.008511
14.707031, 0.008451
14.721680, 0.008831
14.736328, 0.007158
14.750977, 0.006496
14.765625, 0.007115
14.780273, 0.008209
14.794922, 0.008214
14.809570, 0.008226
14.824219, 0.008690
14.838867, 0.010522
14.853516, 0.009801
14.868164, 0.009539
14.882812, 0.009768
14.897461, 0.010127
14.912109, 0.009458
14.926758, 0.007695
14.941406, 0.009178
14.956055, 0.009055
14.970703, 0.010500
14.985352, 0.012649
15.000000, 0.012997
15.014648, 0.014064
15.029297, 0.013140
15.043945, 0.014775
15.058594, 0.013975
15.073242, 0.015392
15.087891, 0.017231
15.102539, 0.015694
15.117188, 0.015615
15.131836, 0.016800
15.146484, 0.014319
15.161133, 0.012856
15.175781, 0.014599
15.190430, 0.014613
15.205078, 0.016485
15.219727, 0.017256
15.234375, 0.017676
15.249023, 0.019568
15.263672, 0.021141
15.278320, 0.020274
15.292969, 0.018389
15.307617, 0.020526
15.322266, 0.019509
15.336914, 0.016657
15.351562, 0.017589
15.366211, 0.016416
15.380859, 0.019521
15.395508, 0.019322
15.410156, 0.019644
15.424805, 0.020801
15.439453, 0.020499
15.454102, 0.019393
15.468750, 0.022878
15.483398, 0.019315
15.498047, 0.018074
15.512695, 0.018649
15.527344, 0.015084
15.541992, 0.016444
15.556641, 0.013706
15.571289, 0.012254
15.585938, 0.011629
15.600586, 0.013368
15.615234, 0.012529
15.629883, 0.010295
15.644531, 0.010005
15.659180, 0.010644
15.673828, 0.011099
15.688477, 0.008699
15.703125, 0.008775
15.717773, 0.008857
15.732422, 0.010210
15.747070, 0.009219
15.761719, 0.008468
15.776367, 0.007970
15.791016, 0.007042
15.805664, 0.007964
15.820312, 0.009856
15.834961, 0.009540
15.849609, 0.008945
15.864258, 0.008555
15.878906, 0.008554
15.893555, 0.007387
15.908203, 0.007618
15.922852, 0.007844
15.937500, 0.008060
15.952148, 0.007874
15.966797, 0.007865
15.981445, 0.009398
15.996094, 0.008093
16.010742, 0.007783
16.025391, 0.008447
16.040039, 0.007680
16.054688, 0.007361
16.069336, 0.007744
16.083984, 0.008098
16.098633, 0.008270
16.113281, 0.008687
16.127930, 0.008452
16.142578, 0.006431
16.157227, 0.007400
16.171875, 0.006195
16.186523, 0.004967
16.201172, 0.004515
16.215820, 0.004479
16.230469, 0.004186
16.245117, 0.003834
16.259766, 0.004048
16.274414, 0.004167
16.289062, 0.004065
16.303711, 0.003631
16.318359, 0.003702
16.333008, 0.004029
16.347656, 0.003475
16.362305, 0.003614
16.376953, 0.003936
16.391602, 0.003438
16.406250, 0.002875
16.420898, 0.002844
16.435547, 0.002983
16.450195, 0.002959
16.464844, 0.003044
16.479492, 0.003641
16.494141, 0.003746
16.508789, 0.003643
16.523438, 0.004321
16.538086, 0.003086
16.552734, 0.003190
16.567383, 0.002847
16.582031, 0.002414
16.596680, 0.002493
16.611328, 0.002753
16.625977, 0.002335
16.640625, 0.001977
16.655273, 0.001965
16.669922, 0.002192
16.684570, 0.002073
16.699219, 0.002179
16.713867, 0.002631
16.728516, 0.002679
16.743164, 0.002665
16.757812, 0.002736
16.772461, 0.002435
16.787109, 0.002319
16.801758, 0.002389
16.816406, 0.002330
16.831055, 0.002793
16.845703, 0.003489
16.860352, 0.003777
16.875000, 0.004062
16.889648, 0.004040
16.904297, 0.003359
16.918945, 0.003537
16.933594, 0.003326
16.948242, 0.003154
16.962891, 0.003191
16.977539, 0.003217
16.992188, 0.003171
17.006836, 0.003521
17.021484, 0.003897
17.036133, 0.004011
17.050781, 0.003476
17.065430, 0.002954
17.080078, 0.003231
17.094727, 0.003305
17.109375, 0.003601
17.124023, 0.003379
17.138672, 0.003012
17.153320, 0.002944
17.167969, 0.002965
17.182617, 0.003228
17.197266, 0.003287
17.211914, 0.003175
17.226562, 0.003021
17.241211, 0.003251
17.255859, 0.003209
17.270508, 0.003054
17.285156, 0.003083
17.299805, 0.003062
17.314453, 0.002892
17.329102, 0.002514
17.343750, 0.002515
17.358398, 0.002579
17.373047, 0.002302
17.387695, 0.002420
17.402344, 0.002546
17.416992, 0.002487
17.431641, 0.002482
17.446289, 0.002151
17.460938, 0.001910
17.475586, 0.002141
17.490234, 0.001887
17.504883, 0.001896
17.519531, 0.002043
17.534180, 0.002274
17.548828, 0.002280
17.563477, 0.002552
17.578125, 0.001625
17.592773, 0.001334
17.607422, 0.001262
17.622070, 0.001344
17.636719, 0.001247
17.651367, 0.001323
17.666016, 0.001207
17.680664, 0.001363
17.695312, 0.001555
17.709961, 0.001636
17.724609, 0.001663
17.739258, 0.001409
17.753906, 0.001455
17.768555, 0.001531
17.783203, 0.001485
17.797852, 0.001596
17.812500, 0.001849
17.827148, 0.001777
17.841797, 0.001793
17.856445, 0.001827
17.871094, 0.001766
17.885742, 0.001565
17.900391, 0.001761
17.915039, 0.001804
17.929688, 0.001531
17.944336, 0.001594
17.958984, 0.001649
17.973633, 0.001757
17.988281, 0.001606
18.002930, 0.001476
18.017578, 0.001329
18.032227, 0.001130
18.046875, 0.001213
18.061523, 0.001247
18.076172, 0.001247
18.090820, 0.001456
18.105469, 0.001371
18.120117, 0.001527
18.134766, 0.001552
18.149414, 0.001561
18.164062, 0.001507
18.178711, 0.001687
18.193359, 0.001806
18.208008, 0.001803
18.222656, 0.001583
18.237305, 0.001655
18.251953, 0.001852
18.266602, 0.001647
18.281250, 0.001423
18.295898, 0.001414
18.310547, 0.001329
18.325195, 0.001510
18.339844, 0.001427
18.354492, 0.001563
18.369141, 0.001640
18.383789, 0.001566
18.398438, 0.001657
18.413086, 0.001581
18.427734, 0.001505
18.442383, 0.001483
18.457031, 0.001395
18.471680, 0.001225
18.486328, 0.001100
18.500977, 0.001143
18.515625, 0.001134
18.530273, 0.000934
18.544922, 0.001154
18.559570, 0.001246
18.574219, 0.001248
18.588867, 0.001253
18.603516, 0.001269
18.618164, 0.001312
18.632812, 0.001283
18.647461, 0.001415
18.662109, 0.001357
18.676758, 0.001396
18.691406, 0.001587
18.706055, 0.001532
18.720703, 0.001912
18.735352, 0.002012
18.750000, 0.002299
18.764648, 0.002552
18.779297, 0.002398
18.793945, 0.002427
18.808594, 0.002810
18.823242, 0.002191
18.837891, 0.002473
18.852539, 0.002804
18.867188, 0.002526
18.881836, 0.002499
18.896484, 0.002496
18.911133, 0.002937
18.925781, 0.003172
18.940430, 0.003115
18.955078, 0.003029
18.969727, 0.003243
18.984375, 0.003271
18.999023, 0.003671
19.013672, 0.003578
19.028320, 0.003634
19.042969, 0.004009
19.057617, 0.004385
19.072266, 0.004710
19.086914, 0.005286
19.101562, 0.005149
19.116211, 0.005291
19.130859, 0.004831
19.145508, 0.005093
19.160156, 0.005598
19.174805, 0.005076
19.189453, 0.004213
19.204102, 0.004506
19.218750, 0.003943
19.233398, 0.003860
19.248047, 0.004206
19.262695, 0.003738
19.277344, 0.003609
19.291992, 0.003187
19.306641, 0.003253
19.321289, 0.003237
19.335938, 0.003499
19.350586, 0.002855
19.365234, 0.002882
19.379883, 0.002642
19.394531, 0.002943
19.409180, 0.002708
19.423828, 0.003332
19.438477, 0.003124
19.453125, 0.003345
19.467773, 0.003446
19.482422, 0.003392
19.497070, 0.003331
19.511719, 0.003390
19.526367, 0.003094
19.541016, 0.002526
19.555664, 0.002441
19.570312, 0.002147
19.584961, 0.002461
19.599609, 0.002296
19.614258, 0.002259
19.628906, 0.002249
19.643555, 0.002290
19.658203, 0.002492
19.672852, 0.002382
19.687500, 0.002350
19.702148, 0.002523
19.716797, 0.002899
19.731445, 0.003106
19.746094, 0.003171
19.760742, 0.003248
19.775391, 0.003704
19.790039, 0.002948
19.804688, 0.003156
19.819336, 0.002975
19.833984, 0.003040
19.848633, 0.003138
19.863281, 0.003250
19.877930, 0.003335
19.892578, 0.003822
19.907227, 0.003467
19.921875, 0.003548
19.936523, 0.003235
19.951172, 0.003536
19.965820, 0.003337
19.980469, 0.003762
19.995117, 0.003881
20.009766, 0.003749
20.024414, 0.003996
20.039062, 0.004554
20.053711, 0.003932
20.068359, 0.004252
20.083008, 0.004033
20.097656, 0.004437
20.112305, 0.004678
20.126953, 0.004563
20.141602, 0.004940
20.156250, 0.004925
20.170898, 0.005002
20.185547, 0.005251
20.200195, 0.005616
20.214844, 0.006597
20.229492, 0.005927
20.244141, 0.005272
20.258789, 0.005559
20.273438, 0.005889
20.288086, 0.005905
20.302734, 0.004714
20.317383, 0.005225
20.332031, 0.005808
20.346680, 0.004618
20.361328, 0.004577
20.375977, 0.004647
20.390625, 0.004900
20.405273, 0.004591
20.419922, 0.004691
20.434570, 0.004479
20.449219, 0.004146
20.463867, 0.004101
20.478516, 0.004487
20.493164, 0.004399
20.507812, 0.003630
20.522461, 0.003286
20.537109, 0.003487
20.551758, 0.002755
20.566406, 0.003055
20.581055, 0.002641
20.595703, 0.002733
20.610352, 0.003203
20.625000, 0.003322
20.639648, 0.003591
20.654297, 0.003510
20.668945, 0.003540
20.683594, 0.003435
20.698242, 0.003382
20.712891, 0.003384
20.727539, 0.003535
20.742188, 0.003812
20.756836, 0.003445
20.771484, 0.002779
20.786133, 0.002487
20.800781, 0.002291
20.815430, 0.002501
20.830078, 0.002283
20.844727, 0.002116
20.859375, 0.002418
20.874023, 0.001968
20.888672, 0.002185
20.903320, 0.002152
20.917969, 0.002215
20.932617, 0.002567
20.947266, 0.002271
20.961914, 0.001990
20.976562, 0.001924
20.991211, 0.002140
21.005859, 0.002018
21.020508, 0.002046
21.035156, 0.002358
21.049805, 0.002223
21.064453, 0.001894
21.079102, 0.001622
21.093750, 0.001254
21.108398, 0.001104
21.123047, 0.001078
21.137695, 0.001245
21.152344, 0.001186
21.166992, 0.001071
21.181641, 0.001180
21.196289, 0.001008
21.210938, 0.001011
21.225586, 0.001182
21.240234, 0.001141
21.254883, 0.001133
21.269531, 0.001240
21.284180, 0.001141
21.298828, 0.000970
21.313477, 0.000930
21.328125, 0.000950
21.342773, 0.001071
21.357422, 0.001188
21.372070, 0.001235
21.386719, 0.001292
21.401367, 0.001432
21.416016, 0.001293
21.430664, 0.001296
21.445312, 0.001729
21.459961, 0.001759
21.474609, 0.002006
21.489258, 0.001786
21.503906, 0.001623
21.518555, 0.001861
21.533203, 0.001824
21.547852, 0.001740
21.562500, 0.001863
21.577148, 0.001895
21.591797, 0.001644
21.606445, 0.001399
21.621094, 0.001505
21.635742, 0.000996
21.650391, 0.000998
21.665039, 0.000941
21.679688, 0.000862
21.694336, 0.000868
21.708984, 0.000905
21.723633, 0.000896
21.738281, 0.000993
21.752930, 0.000781
21.767578, 0.000824
21.782227, 0.000866
21.796875, 0.000959
21.811523, 0.000861
21.826172, 0.000725
21.840820, 0.000740
21.855469, 0.000752
21.870117, 0.000805
21.884766, 0.000660
21.899414, 0.000530
21.914062, 0.000583
21.928711, 0.000638
21.943359, 0.000643
21.958008, 0.000635
21.972656, 0.000787
21.987305, 0.000904
22.001953, 0.001004
22.016602, 0.000913
22.031250, 0.000958
22.045898, 0.001109
22.060547, 0.001250
22.075195, 0.001088
22.089844, 0.001184
22.104492, 0.001268
22.119141, 0.001515
22.133789, 0.001300
22.148438, 0.001283
22.163086, 0.001541
22.177734, 0.001784
22.192383, 0.001782
22.207031, 0.001988
22.221680, 0.001938
22.236328, 0.001505
22.250977, 0.001255
22.265625, 0.001458
22.280273, 0.001305
22.294922, 0.001360
22.309570, 0.001296
22.324219, 0.001361
22.338867, 0.001496
22.353516, 0.001625
22.368164, 0.001793
22.382812, 0.001804
22.397461, 0.001617
22.412109, 0.001606
22.426758, 0.001570
22.441406, 0.001566
22.456055, 0.001612
22.470703, 0.001700
22.485352, 0.001659
22.500000, 0.001403
22.514648, 0.001380
22.529297, 0.001485
22.543945, 0.001391
22.558594, 0.001270
22.573242, 0.001125
22.587891, 0.001072
22.602539, 0.001107
22.617188, 0.001182
22.631836, 0.001016
22.646484, 0.000834
22.661133, 0.000839
22.675781, 0.000675
22.690430, 0.000745
22.705078, 0.000787
22.719727, 0.000813
22.734375, 0.000959
22.749023, 0.000764
22.763672, 0.000816
22.778320, 0.000738
22.792969, 0.000769
22.807617, 0.000628
22.822266, 0.000675
22.836914, 0.000797
22.851562, 0.000765
22.866211, 0.000891
22.880859, 0.000841
22.895508, 0.000894
22.910156, 0.001005
22.924805, 0.001180
22.939453, 0.001130
22.954102, 0.001127
22.968750, 0.001002
22.983398, 0.001040
22.998047, 0.001099
23.012695, 0.001086
23.027344, 0.001239
23.041992, 0.001075
23.056641, 0.001134
23.071289, 0.001209
23.085938, 0.001244
23.100586, 0.001291
23.115234, 0.001145
23.129883, 0.000978
23.144531, 0.001221
23.159180, 0.001193
23.173828, 0.001398
23.188477, 0.001443
23.203125, 0.001227
23.217773, 0.001506
23.232422, 0.001320
23.247070, 0.001321
23.261719, 0.001140
23.276367, 0.001202
23.291016, 0.000960
23.305664, 0.000950
23.320312, 0.000960
23.334961, 0.000732
23.349609, 0.000664
23.364258, 0.000653
23.378906, 0.000652
23.393555, 0.000761
23.408203, 0.000702
23.422852, 0.000668
23.437500, 0.000631
23.452148, 0.000765
23.466797, 0.000751
23.481445, 0.000690
23.496094, 0.000708
23.510742, 0.000774
23.525391, 0.000774
23.540039, 0.000661
23.554688, 0.000596
23.569336, 0.000630
23.583984, 0.000615
23.598633, 0.000671
23.613281, 0.000744
23.627930, 0.000792
23.642578, 0.000840
23.657227, 0.000840
23.671875, 0.000993
23.686523, 0.000907
23.701172, 0.000832
23.715820, 0.000929
23.730469, 0.000962
23.745117, 0.000899
23.759766, 0.000932
23.774414, 0.000942
23.789062, 0.000865
23.803711, 0.000813
23.818359, 0.000876
23.833008, 0.000963
23.847656, 0.000916
23.862305, 0.000919
23.876953, 0.001080
23.891602, 0.001138
23.906250, 0.001074
23.920898, 0.001283
23.935547, 0.001302
23.950195, 0.001487
23.964844, 0.001416
23.979492, 0.001501
23.994141, 0.001637
24.008789, 0.001459
24.023438, 0.001392
24.038086, 0.001270
24.052734, 0.001177
24.067383, 0.001014
24.082031, 0.001210
24.096680, 0.001130
24.111328, 0.001076
24.125977, 0.001245
24.140625, 0.001238
24.155273, 0.001022
24.169922, 0.001168
24.184570, 0.001394
24.199219, 0.001313
24.213867, 0.001363
24.228516, 0.001483
24.243164, 0.001689
24.257812, 0.001744
24.272461, 0.001478
24.287109, 0.001482
24.301758, 0.001328
24.316406, 0.001145
24.331055, 0.001230
24.345703, 0.001143
24.360352, 0.001097
24.375000, 0.001052
24.389648, 0.001219
24.404297, 0.001089
24.418945, 0.000914
24.433594, 0.001019
24.448242, 0.001042
24.462891, 0.000975
24.477539, 0.000748
24.492188, 0.000795
24.506836, 0.000840
24.521484, 0.000784
24.536133, 0.000839
24.550781, 0.000797
24.565430, 0.000819
24.580078, 0.000970
24.594727, 0.001043
24.609375, 0.000908
24.624023, 0.001032
24.638672, 0.001113
24.653320, 0.001128
24.667969, 0.001225
24.682617, 0.001264
24.697266, 0.001378
24.711914, 0.001649
24.726562, 0.001503
24.741211, 0.001553
24.755859, 0.001172
24.770508, 0.000981
24.785156, 0.001032
24.799805, 0.001213
24.814453, 0.000992
24.829102, 0.000950
24.843750, 0.001024
24.858398, 0.001044
24.873047, 0.001093
24.887695, 0.001091
24.902344, 0.001013
24.916992, 0.000886
24.931641, 0.000834
24.946289, 0.000876
24.960938, 0.000950
24.975586, 0.000942
24.990234, 0.000949
25.004883, 0.001036
25.019531, 0.000980
25.034180, 0.001007
25.048828, 0.001085
25.063477, 0.001060
25.078125, 0.001174
25.092773, 0.001305
25.107422, 0.001107
25.122070, 0.000861
25.136719, 0.000876
25.151367, 0.000845
25.166016, 0.000760
25.180664, 0.000698
25.195312, 0.000711
25.209961, 0.000578
25.224609, 0.000496
25.239258, 0.000478
25.253906, 0.000507
25.268555, 0.000478
25.283203, 0.000427
25.297852, 0.000410
25.312500, 0.000415
25.327148, 0.000457
25.341797, 0.000455
25.356445, 0.000405
25.371094, 0.000460
25.385742, 0.000447
25.400391, 0.000413
25.415039, 0.000397
25.429688, 0.000426
25.444336, 0.000410
25.458984, 0.000469
25.473633, 0.000427
25.488281, 0.000418
25.502930, 0.000459
25.517578, 0.000393
25.532227, 0.000297
25.546875, 0.000323
25.561523, 0.000332
25.576172, 0.000339
25.590820, 0.000362
25.605469, 0.000304
25.620117, 0.000324
25.634766, 0.000312
25.649414, 0.000359
25.664062, 0.000297
25.678711, 0.000248
25.693359, 0.000255
25.708008, 0.000267
25.722656, 0.000248
25.737305, 0.000253
25.751953, 0.000236
25.766602, 0.000193
25.781250, 0.000188
25.795898, 0.000215
25.810547, 0.000279
25.825195, 0.000326
25.839844, 0.000350
25.854492, 0.000346
25.869141, 0.000340
25.883789, 0.000341
25.898438, 0.000408
25.913086, 0.000412
25.927734, 0.000385
25.942383, 0.000481
25.957031, 0.000519
25.971680, 0.000467
25.986328, 0.000502
26.000977, 0.000431
26.015625, 0.000467
26.030273, 0.000528
26.044922, 0.000444
26.059570, 0.000463
26.074219, 0.000452
26.088867, 0.000505
26.103516, 0.000460
26.118164, 0.000500
26.132812, 0.000536
26.147461, 0.000446
26.162109, 0.000470
26.176758, 0.000469
26.191406, 0.000462
26.206055, 0.000399
26.220703, 0.000394
26.235352, 0.000345
26.250000, 0.000281
26.264648, 0.000297
26.279297, 0.000343
26.293945, 0.000352
26.308594, 0.000412
26.323242, 0.000378
26.337891, 0.000344
26.352539, 0.000309
26.367188, 0.000259
26.381836, 0.000283
26.396484, 0.000289
26.411133, 0.000274
26.425781, 0.000272
26.440430, 0.000312
26.455078, 0.000309
26.469727, 0.000237
26.484375, 0.000214
26.499023, 0.000213
26.513672, 0.000228
26.528320, 0.000196
26.542969, 0.000189
26.557617, 0.000172
26.572266, 0.000173
26.586914, 0.000180
26.601562, 0.000215
26.616211, 0.000178
26.630859, 0.000139
26.645508, 0.000130
26.660156, 0.000117
26.674805, 0.000109
26.689453, 0.000104
26.704102, 0.000112
26.718750, 0.000117
26.733398, 0.000120
26.748047, 0.000122
26.762695, 0.000122
26.777344, 0.000119
26.791992, 0.000112
26.806641, 0.000113
26.821289, 0.000114
26.835938, 0.000105
26.850586, 0.000086
26.865234, 0.000088
26.879883, 0.000086
26.894531, 0.000095
26.909180, 0.000106
26.923828, 0.000118
26.938477, 0.000125
26.953125, 0.000127
26.967773, 0.000100
26.982422, 0.000104
26.997070, 0.000106
27.011719, 0.000103
27.026367, 0.000104
27.041016, 0.000121
27.055664, 0.000119
27.070312, 0.000140
27.084961, 0.000124
27.099609, 0.000123
27.114258, 0.000137
27.128906, 0.000134
27.143555, 0.000136
27.158203, 0.000150
27.172852, 0.000137
27.187500, 0.000154
27.202148, 0.000160
27.216797, 0.000154
27.231445, 0.000128
27.246094, 0.000110
27.260742, 0.000111
27.275391, 0.000108
27.290039, 0.000127
27.304688, 0.000130
27.319336, 0.000130
27.333984, 0.000129
27.348633, 0.000143
27.363281, 0.000123
27.377930, 0.000139
27.392578, 0.000153
27.407227, 0.000130
27.421875, 0.000139
27.436523, 0.000131
27.451172, 0.000094
27.465820, 0.000085
27.480469, 0.000065
27.495117, 0.000070
27.509766, 0.000067
27.524414, 0.000064
27.539062, 0.000058
27.553711, 0.000054
27.568359, 0.000056
27.583008, 0.000050
27.597656, 0.000043
27.612305, 0.000047
27.626953, 0.000043
27.641602, 0.000040
27.656250, 0.000042
27.670898, 0.000040
27.685547, 0.000037
27.700195, 0.000035
27.714844, 0.000035
27.729492, 0.000031
27.744141, 0.000029
27.758789, 0.000032
27.773438, 0.000036
27.788086, 0.000035
27.802734, 0.000031
27.817383, 0.000034
27.832031, 0.000037
27.846680, 0.000045
27.861328, 0.000045
27.875977, 0.000042
27.890625, 0.000046
27.905273, 0.000046
27.919922, 0.000054
27.934570, 0.000054
27.949219, 0.000053
27.963867, 0.000047
27.978516, 0.000047
27.993164, 0.000042
28.007812, 0.000037
28.022461, 0.000037
28.037109, 0.000039
28.051758, 0.000044
28.066406, 0.000047
28.081055, 0.000041
28.095703, 0.000043
28.110352, 0.000047
28.125000, 0.000042
28.139648, 0.000039
28.154297, 0.000047
28.168945, 0.000045
28.183594, 0.000046
28.198242, 0.000054
28.212891, 0.000054
28.227539, 0.000060
28.242188, 0.000063
28.256836, 0.000063
28.271484, 0.000064
28.286133, 0.000049
28.300781, 0.000051
28.315430, 0.000046
28.330078, 0.000046
28.344727, 0.000041
28.359375, 0.000048
28.374023, 0.000051
28.388672, 0.000056
28.403320, 0.000053
28.417969, 0.000044
28.432617, 0.000048
28.447266, 0.000052
28.461914, 0.000051
28.476562, 0.000043
28.491211, 0.000040
28.505859, 0.000039
28.520508, 0.000033
28.535156, 0.000033
28.549805, 0.000028
28.564453, 0.000023
28.579102, 0.000024
28.593750, 0.000021
28.608398, 0.000019
28.623047, 0.000021
28.637695, 0.000017
28.652344, 0.000013
28.666992, 0.000013
28.681641, 0.000013
28.696289, 0.000012
28.710938, 0.000013
28.725586, 0.000014
28.740234, 0.000012
28.754883, 0.000012
28.769531, 0.000009
28.784180, 0.000009
28.798828, 0.000009
28.813477, 0.000010
28.828125, 0.000010
28.842773, 0.000010
28.857422, 0.000011
28.872070, 0.000011
28.886719, 0.000011
28.901367, 0.000011
28.916016, 0.000011
28.930664, 0.000012
28.945312, 0.000011
28.959961, 0.000010
28.974609, 0.000012
28.989258, 0.000012
29.003906, 0.000013
29.018555, 0.000011
29.033203, 0.000011
29.047852, 0.000012
29.062500, 0.000011
29.077148, 0.000011
29.091797, 0.000011
29.106445, 0.000011
29.121094, 0.000010
29.135742, 0.000008
29.150391, 0.000009
29.165039, 0.000009
29.179688, 0.000009
29.194336, 0.000010
29.208984, 0.000009
29.223633, 0.000010
29.238281, 0.000010
29.252930, 0.000011
29.267578, 0.000012
29.282227, 0.000012
29.296875, 0.000012
29.311523, 0.000011
29.326172, 0.000010
29.340820, 0.000009
29.355469, 0.000009
29.370117, 0.000010
29.384766, 0.000013
29.399414, 0.000012
29.414062, 0.000012
29.428711, 0.000012
29.443359, 0.000011
29.458008, 0.000009
29.472656, 0.000007
29.487305, 0.000008
29.501953, 0.000008
29.516602, 0.000008
29.531250, 0.000009
29.545898, 0.000009
29.560547, 0.000008
29.575195, 0.000007
29.589844, 0.000007
29.604492, 0.000008
29.619141, 0.000009
29.633789, 0.000009
29.648438, 0.000008
29.663086, 0.000008
29.677734, 0.000008
29.692383, 0.000008
29.707031, 0.000008
29.721680, 0.000009
29.736328, 0.000008
29.750977, 0.000008
29.765625, 0.000006
29.780273, 0.000006
29.794922, 0.000006
29.809570, 0.000006
29.824219, 0.000006
29.838867, 0.000005
29.853516, 0.000005
29.868164, 0.000004
29.882812, 0.000005
29.897461, 0.000005
29.912109, 0.000005
29.926758, 0.000005
29.941406, 0.000004
29.956055, 0.000004
29.970703, 0.000004
29.985352, 0.000003
30.000000, 0.000003
30.014648, 0.000003
30.029297, 0.000003
30.043945, 0.000003
30.058594, 0.000003
30.073242, 0.000003
30.087891, 0.000003
30.102539, 0.000003
30.117188, 0.000004
30.131836, 0.000004
30.146484, 0.000003
30.161133, 0.000003
30.175781, 0.000004
30.190430, 0.000003
30.205078, 0.000004
30.219727, 0.000004
30.234375, 0.000004
30.249023, 0.000004
30.263672, 0.000003
30.278320, 0.000003
30.292969, 0.000003
30.307617, 0.000003
30.322266, 0.000003
30.336914, 0.000003
30.351562, 0.000003
30.366211, 0.000002
30.380859, 0.000003
30.395508, 0.000002
30.410156, 0.000002
30.424805, 0.000002
30.439453, 0.000002
30.454102, 0.000003
30.468750, 0.000002
30.483398, 0.000002
30.498047, 0.000002
30.512695, 0.000002
30.527344, 0.000001
30.541992, 0.000002
30.556641, 0.000002
30.571289, 0.000002
30.585938, 0.000001
30.600586, 0.000001
30.615234, 0.000002
30.629883, 0.000002
30.644531, 0.000002
30.659180, 0.000001
30.673828, 0.000001
30.688477, 0.000001
30.703125, 0.000001
30.717773, 0.000001
30.732422, 0.000001
30.747070, 0.000001
30.761719, 0.000001
30.776367, 0.000001
30.791016, 0.000001
30.805664, 0.000001
30.820312, 0.000001
30.834961, 0.000001
30.849609, 0.000001
30.864258, 0.000001
30.878906, 0.000001
30.893555, 0.000001
30.908203, 0.000001
30.922852, 0.000001
30.937500, 0.000001
30.952148, 0.000001
30.966797, 0.000001
30.981445, 0.000001
30.996094, 0.000001
31.010742, 0.000001
31.025391, 0.000001
31.040039, 0.000001
31.054688, 0.000001
31.069336, 0.000001
31.083984, 0.000001
31.098633, 0.000001
31.113281, 0.000001
31.127930, 0.000001
31.142578, 0.000001
31.157227, 0.000001
31.171875, 0.000001
31.186523, 0.000001
31.201172, 0.000001
31.215820, 0.000001
31.230469, 0.000001
31.245117, 0.000002
31.259766, 0.000002
31.274414, 0.000002
31.289062, 0.000002
31.303711, 0.000001
31.318359, 0.000001
31.333008, 0.000001
31.347656, 0.000002
31.362305, 0.000002
31.376953, 0.000002
31.391602, 0.000002
31.406250, 0.000002
31.420898, 0.000002
31.435547, 0.000002
31.450195, 0.000002
31.464844, 0.000002
31.479492, 0.000002
31.494141, 0.000002
31.508789, 0.000002
31.523438, 0.000002
31.538086, 0.000003
31.552734, 0.000003
31.567383, 0.000003
31.582031, 0.000003
31.596680, 0.000002
31.611328, 0.000002
31.625977, 0.000003
31.640625, 0.000003
31.655273, 0.000003
31.669922, 0.000003
31.684570, 0.000003
31.699219, 0.000004
31.713867, 0.000004
31.728516, 0.000003
31.743164, 0.000003
31.757812, 0.000003
31.772461, 0.000003
31.787109, 0.000003
31.801758, 0.000003
31.816406, 0.000004
31.831055, 0.000004
31.845703, 0.000003
31.860352, 0.000003
31.875000, 0.000003
31.889648, 0.000004
31.904297, 0.000004
31.918945, 0.000005
31.933594, 0.000004
31.948242, 0.000004
31.962891, 0.000004
31.977539, 0.000004
31.992188, 0.000005
32.006836, 0.000006
32.021484, 0.000006
32.036133, 0.000005
32.050781, 0.000005
32.065430, 0.000005
32.080078, 0.000005
32.094727, 0.000005
32.109375, 0.000004
32.124023, 0.000004
32.138672, 0.000003
32.153320, 0.000004
32.167969, 0.000004
32.182617, 0.000004
32.197266, 0.000004
32.211914, 0.000004
32.226562, 0.000004
32.241211, 0.000004
32.255859, 0.000004
32.270508, 0.000004
32.285156, 0.000004
32.299805, 0.000004
32.314453, 0.000004
32.329102, 0.000003
32.343750, 0.000004
32.358398, 0.000003
32.373047, 0.000003
32.387695, 0.000003
32.402344, 0.000003
32.416992, 0.000003
32.431641, 0.000003
32.446289, 0.000002
32.460938, 0.000002
32.475586, 0.000002
32.490234, 0.000002
32.504883, 0.000002
32.519531, 0.000003
32.534180, 0.000002
32.548828, 0.000002
32.563477, 0.000002
32.578125, 0.000002
32.592773, 0.000002
32.607422, 0.000002
32.622070, 0.000003
32.636719, 0.000003
32.651367, 0.000003
32.666016, 0.000003
32.680664, 0.000002
32.695312, 0.000002
32.709961, 0.000002
32.724609, 0.000002
32.739258, 0.000002
32.753906, 0.000002
32.768555, 0.000002
32.783203, 0.000003
32.797852, 0.000003
32.812500, 0.000003
32.827148, 0.000002
32.841797, 0.000003
32.856445, 0.000002
32.871094, 0.000002
32.885742, 0.000002
32.900391, 0.000002
32.915039, 0.000002
32.929688, 0.000002
32.944336, 0.000002
32.958984, 0.000002
32.973633, 0.000002
32.988281, 0.000002
33.002930, 0.000002
33.017578, 0.000002
33.032227, 0.000002
33.046875, 0.000002
33.061523, 0.000002
33.076172, 0.000002
33.090820, 0.000002
33.105469, 0.000001
33.120117, 0.000001
33.134766, 0.000001
33.149414, 0.000001
33.164062, 0.000001
33.178711, 0.000001
33.193359, 0.000001
33.208008, 0.000001
33.222656, 0.000001
33.237305, 0.000001
33.251953, 0.000001
33.266602, 0.000001
33.281250, 0.000001
33.295898, 0.000001
33.310547, 0.000001
33.325195, 0.000001
33.339844, 0.000001
33.354492, 0.000001
33.369141, 0.000001
33.383789, 0.000001
33.398438, 0.000001
33.413086, 0.000001
33.427734, 0.000001
33.442383, 0.000001
33.457031, 0.000001
33.471680, 0.000001
33.486328, 0.000001
33.500977, 0.000001
33.515625, 0.000001
33.530273, 0.000001
33.544922, 0.000001
33.559570, 0.000001
33.574219, 0.000001
33.588867, 0.000001
33.603516, 0.000001
33.618164, 0.000001
33.632812, 0.000001
33.647461, 0.000001
33.662109, 0.000001
33.676758, 0.000001
33.691406, 0.000001
33.706055, 0.000001
33.720703, 0.000001
33.735352, 0.000001
33.750000, 0.000001
33.764648, 0.000001
33.779297, 0.000001
33.793945, 0.000001
33.808594, 0.000001
33.823242, 0.000000
33.837891, 0.000001
33.852539, 0.000001
33.867188, 0.000001
33.881836, 0.000001
33.896484, 0.000001
33.911133, 0.000001
33.925781, 0.000001
33.940430, 0.000001
33.955078, 0.000001
33.969727, 0.000001
33.984375, 0.000001
33.999023, 0.000001
34.013672, 0.000001
34.028320, 0.000001
34.042969, 0.000001
34.057617, 0.000001
34.072266, 0.000001
34.086914, 0.000001
34.101562, 0.000001
34.116211, 0.000001
34.130859, 0.000001
34.145508, 0.000001
34.160156, 0.000001
34.174805, 0.000001
34.189453, 0.000001
34.204102, 0.000001
34.218750, 0.000001
34.233398, 0.000001
34.248047, 0.000001
34.262695, 0.000001
34.277344, 0.000001
34.291992, 0.000001
34.306641, 0.000001
34.321289, 0.000001
34.335938, 0.000001
34.350586, 0.000001
34.365234, 0.000001
34.379883, 0.000001
34.394531, 0.000001
34.409180, 0.000001
34.423828, 0.000001
34.438477, 0.000001
34.453125, 0.000001
34.467773, 0.000001
34.482422, 0.000001
34.497070, 0.000001
34.511719, 0.000001
34.526367, 0.000001
34.541016, 0.000001
34.555664, 0.000001
34.570312, 0.000001
34.584961, 0.000001
34.599609, 0.000001
34.614258, 0.000001
34.628906, 0.000001
34.643555, 0.000001
34.658203, 0.000001
34.672852, 0.000001
34.687500, 0.000001
34.702148, 0.000001
34.716797, 0.000001
34.731445, 0.000001
34.746094, 0.000001
34.760742, 0.000001
34.775391, 0.000001
34.790039, 0.000001
34.804688, 0.000001
34.819336, 0.000001
34.833984, 0.000001
34.848633, 0.000001
34.863281, 0.000001
34.877930, 0.000000
34.892578, 0.000000
34.907227, 0.000000
34.921875, 0.000001
34.936523, 0.000001
34.951172, 0.000001
34.965820, 0.000001
34.980469, 0.000001
34.995117, 0.000001
35.009766, 0.000001
35.024414, 0.000001
35.039062, 0.000001
35.053711, 0.000001
35.068359, 0.000001
35.083008, 0.000001
35.097656, 0.000001
35.112305, 0.000001
35.126953, 0.000001
35.141602, 0.000000
35.156250, 0.000001
35.170898, 0.000000
35.185547, 0.000000
35.200195, 0.000000
35.214844, 0.000000
35.229492, 0.000000
35.244141, 0.000000
35.258789, 0.000000
35.273438, 0.000000
35.288086, 0.000000
35.302734, 0.000000
35.317383, 0.000000
35.332031, 0.000000
35.346680, 0.000000
35.361328, 0.000000
35.375977, 0.000000
35.390625, 0.000000
35.405273, 0.000001
35.419922, 0.000000
35.434570, 0.000000
35.449219, 0.000000
35.463867, 0.000000
35.478516, 0.000000
35.493164, 0.000000
35.507812, 0.000000
35.522461, 0.000000
35.537109, 0.000000
35.551758, 0.000000
35.566406, 0.000000
35.581055, 0.000000
35.595703, 0.000000
35.610352, 0.000000
35.625000, 0.000000
35.639648, 0.000000
35.654297, 0.000000
35.668945, 0.000000
35.683594, 0.000000
35.698242, 0.000000
35.712891, 0.000000
35.727539, 0.000000
35.742188, 0.000000
35.756836, 0.000000
35.771484, 0.000000
35.786133, 0.000000
35.800781, 0.000000
35.815430, 0.000000
35.830078, 0.000000
35.844727, 0.000000
35.859375, 0.000000
35.874023, 0.000000
35.888672, 0.000000
35.903320, 0.000000
35.917969, 0.000000
35.932617, 0.000000
35.947266, 0.000000
35.961914, 0.000000
35.976562, 0.000000
35.991211, 0.000000
36.005859, 0.000000
36.020508, 0.000000
36.035156, 0.000000
36.049805, 0.000000
36.064453, 0.000000
36.079102, 0.000000
36.093750, 0.000000
36.108398, 0.000000
36.123047, 0.000000
36.137695, 0.000000
36.152344, 0.000000
36.166992, 0.000000
36.181641, 0.000000
36.196289, 0.000000
36.210938, 0.000000
36.225586, 0.000000
36.240234, 0.000000
36.254883, 0.000000
36.269531, 0.000000
36.284180, 0.000000
36.298828, 0.000000
36.313477, 0.000000
36.328125, 0.000000
36.342773, 0.000000
36.357422, 0.000000
36.372070, 0.000000
36.386719, 0.000000
36.401367, 0.000000
36.416016, 0.000000
36.430664, 0.000000
36.445312, 0.000000
36.459961, 0.000000
36.474609, 0.000000
36.489258, 0.000000
36.503906, 0.000000
36.518555, 0.000000
36.533203, 0.000000
36.547852, 0.000000
36.562500, 0.000000
36.577148, 0.000000
36.591797, 0.000000
36.606445, 0.000000
36.621094, 0.000000
36.635742, 0.000000
36.650391, 0.000000
36.665039, 0.000000
36.679688, 0.000000
36.694336, 0.000000
36.708984, 0.000000
36.723633, 0.000000
36.738281, 0.000000
36.752930, 0.000000
36.767578, 0.000000
36.782227, 0.000000
36.796875, 0.000000
36.811523, 0.000000
36.826172, 0.000000
36.840820, 0.000000
36.855469, 0.000000
36.870117, 0.000000
36.884766, 0.000000
36.899414, 0.000000
36.914062, 0.000000
36.928711, 0.000000
36.943359, 0.000000
36.958008, 0.000000
36.972656, 0.000000
36.987305, 0.000000
37.001953, 0.000000
37.016602, 0.000000
37.031250, 0.000000
37.045898, 0.000000
37.060547, 0.000000
37.075195, 0.000000
37.089844, 0.000000
37.104492, 0.000000
37.119141, 0.000000
37.133789, 0.000000
37.148438, 0.000000
37.163086, 0.000000
37.177734, 0.000000
37.192383, 0.000000
37.207031, 0.000000
37.221680, 0.000000
37.236328, 0.000000
37.250977, 0.000000
37.265625, 0.000000
37.280273, 0.000000
37.294922, 0.000000
37.309570, 0.000000
37.324219, 0.000000
37.338867, 0.000000
37.353516, 0.000000
37.368164, 0.000000
37.382812, 0.000000
37.397461, 0.000000
37.412109, 0.000000
37.426758, 0.000000
37.441406, 0.000000
37.456055, 0.000000
37.470703, 0.000000
37.485352, 0.000000
37.500000, 0.000000
37.514648, 0.000000
37.529297, 0.000000
37.543945, 0.000000
37.558594, 0.000000
37.573242, 0.000000
37.587891, 0.000000
37.602539, 0.000000
37.617188, 0.000000
37.631836, 0.000000
37.646484, 0.000000
37.661133, 0.000000
37.675781, 0.000000
37.690430, 0.000000
37.705078, 0.000000
37.719727, 0.000000
37.734375, 0.000000
37.749023, 0.000000
37.763672, 0.000000
37.778320, 0.000000
37.792969, 0.000000
37.807617, 0.000000
37.822266, 0.000000
37.836914, 0.000000
37.851562, 0.000000
37.866211, 0.000000
37.880859, 0.000000
37.895508, 0.000000
37.910156, 0.000000
37.924805, 0.000000
37.939453, 0.000000
37.954102, 0.000000
37.968750, 0.000000
37.983398, 0.000000
37.998047, 0.000000
38.012695, 0.000000
38.027344, 0.000000
38.041992, 0.000000
38.056641, 0.000000
38.071289, 0.000000
38.085938, 0.000000
38.100586, 0.000000
38.115234, 0.000000
38.129883, 0.000000
38.144531, 0.000000
38.159180, 0.000000
38.173828, 0.000000
38.188477, 0.000000
38.203125, 0.000000
38.217773, 0.000000
38.232422, 0.000000
38.247070, 0.000000
38.261719, 0.000000
38.276367, 0.000000
38.291016, 0.000000
38.305664, 0.000000
38.320312, 0.000000
38.334961, 0.000000
38.349609, 0.000000
38.364258, 0.000000
38.378906, 0.000000
38.393555, 0.000000
38.408203, 0.000000
38.422852, 0.000000
38.437500, 0.000000
38.452148, 0.000000
38.466797, 0.000000
38.481445, 0.000000
38.496094, 0.000000
38.510742, 0.000000
38.525391, 0.000000
38.540039, 0.000000
38.554688, 0.000000
38.569336, 0.000000
38.583984, 0.000000
38.598633, 0.000000
38.613281, 0.000000
38.627930, 0.000000
38.642578, 0.000000
38.657227, 0.000000
38.671875, 0.000000
38.686523, 0.000000
38.701172, 0.000000
38.715820, 0.000000
38.730469, 0.000000
38.745117, 0.000000
38.759766, 0.000000
38.774414, 0.000000
38.789062, 0.000000
38.803711, 0.000000
38.818359, 0.000000
38.833008, 0.000000
38.847656, 0.000000
38.862305, 0.000000
38.876953, 0.000000
38.891602, 0.000000
38.906250, 0.000000
38.920898, 0.000000
38.935547, 0.000000
38.950195, 0.000000
38.964844, 0.000000
38.979492, 0.000000
38.994141, 0.000000
39.008789, 0.000000
39.023438, 0.000000
39.038086, 0.000000
39.052734, 0.000000
39.067383, 0.000000
39.082031, 0.000000
39.096680, 0.000000
39.111328, 0.000000
39.125977, 0.000000
39.140625, 0.000000
39.155273, 0.000000
39.169922, 0.000000
39.184570, 0.000000
39.199219, 0.000000
39.213867, 0.000000
39.228516, 0.000000
39.243164, 0.000000
39.257812, 0.000000
39.272461, 0.000000
39.287109, 0.000000
39.301758, 0.000000
39.316406, 0.000000
39.331055, 0.000000
39.345703, 0.000000
39.360352, 0.000000
39.375000, 0.000000
39.389648, 0.000000
39.404297, 0.000000
39.418945, 0.000000
39.433594, 0.000000
39.448242, 0.000000
39.462891, 0.000000
39.477539, 0.000000
39.492188, 0.000000
39.506836, 0.000000
39.521484, 0.000000
39.536133, 0.000000
39.550781, 0.000000
39.565430, 0.000000
39.580078, 0.000000
39.594727, 0.000000
39.609375, 0.000000
39.624023, 0.000000
39.638672, 0.000000
39.653320, 0.000000
39.667969, 0.000000
39.682617, 0.000000
39.697266, 0.000000
39.711914, 0.000000
39.726562, 0.000000
39.741211, 0.000000
39.755859, 0.000000
39.770508, 0.000000
39.785156, 0.000000
39.799805, 0.000000
39.814453, 0.000000
39.829102, 0.000000
39.843750, 0.000000
39.858398, 0.000000
39.873047, 0.000000
39.887695, 0.000000
39.902344, 0.000000
39.916992, 0.000000
39.931641, 0.000000
39.946289, 0.000000
39.960938, 0.000000
39.975586, 0.000000
39.990234, 0.000000
40.004883, 0.000000
40.019531, 0.000000
40.034180, 0.000000
40.048828, 0.000000
40.063477, 0.000000
40.078125, 0.000000
40.092773, 0.000000
40.107422, 0.000000
40.122070, 0.000000
40.136719, 0.000000
40.151367, 0.000000
40.166016, 0.000000
40.180664, 0.000000
40.195312, 0.000000
40.209961, 0.000000
40.224609, 0.000000
40.239258, 0.000000
40.253906, 0.000000
40.268555, 0.000000
40.283203, 0.000000
40.297852, 0.000000
40.312500, 0.000000
40.327148, 0.000000
40.341797, 0.000000
40.356445, 0.000000
40.371094, 0.000000
40.385742, 0.000000
40.400391, 0.000000
40.415039, 0.000000
40.429688, 0.000000
40.444336, 0.000000
40.458984, 0.000000
40.473633, 0.000000
40.488281, 0.000000
40.502930, 0.000000
40.517578, 0.000000
40.532227, 0.000000
40.546875, 0.000000
40.561523, 0.000000
40.576172, 0.000000
40.590820, 0.000000
40.605469, 0.000000
40.620117, 0.000000
40.634766, 0.000000
40.649414, 0.000000
40.664062, 0.000000
40.678711, 0.000000
40.693359, 0.000000
40.708008, 0.000000
40.722656, 0.000000
40.737305, 0.000000
40.751953, 0.000000
40.766602, 0.000000
40.781250, 0.000000
40.795898, 0.000000
40.810547, 0.000000
40.825195, 0.000000
40.839844, 0.000000
40.854492, 0.000000
40.869141, 0.000000
40.883789, 0.000000
40.898438, 0.000000
40.913086, 0.000000
40.927734, 0.000000
40.942383, 0.000000
40.957031, 0.000000
40.971680, 0.000000
40.986328, 0.000000
41.000977, 0.000000
41.015625, 0.000000
41.030273, 0.000000
41.044922, 0.000000
41.059570, 0.000000
41.074219, 0.000000
41.088867, 0.000000
41.103516, 0.000000
41.118164, 0.000000
41.132812, 0.000000
41.147461, 0.000000
41.162109, 0.000000
41.176758, 0.000000
41.191406, 0.000000
41.206055, 0.000000
41.220703, 0.000000
41.235352, 0.000000
41.250000, 0.000000
41.264648, 0.000000
41.279297, 0.000000
41.293945, 0.000000
41.308594, 0.000000
41.323242, 0.000000
41.337891, 0.000000
41.352539, 0.000000
41.367188, 0.000000
41.381836, 0.000000
41.396484, 0.000000
41.411133, 0.000000
41.425781, 0.000000
41.440430, 0.000000
41.455078, 0.000000
41.469727, 0.000000
41.484375, 0.000000
41.499023, 0.000000
41.513672, 0.000000
41.528320, 0.000000
41.542969, 0.000000
41.557617, 0.000000
41.572266, 0.000000
41.586914, 0.000000
41.601562, 0.000000
41.616211, 0.000000
41.630859, 0.000000
41.645508, 0.000000
41.660156, 0.000000
41.674805, 0.000000
41.689453, 0.000000
41.704102, 0.000000
41.718750, 0.000000
41.733398, 0.000000
41.748047, 0.000000
41.762695, 0.000000
41.777344, 0.000000
41.791992, 0.000000
41.806641, 0.000000
41.821289, 0.000000
41.835938, 0.000000
41.850586, 0.000000
41.865234, 0.000000
41.879883, 0.000000
41.894531, 0.000000
41.909180, 0.000000
41.923828, 0.000000
41.938477, 0.000000
41.953125, 0.000000
41.967773, 0.000000
41.982422, 0.000000
41.997070, 0.000000
42.011719, 0.000000
42.026367, 0.000000
42.041016, 0.000000
42.055664, 0.000000
42.070312, 0.000000
42.084961, 0.000000
42.099609, 0.000000
42.114258, 0.000000
42.128906, 0.000000
42.143555, 0.000000
42.158203, 0.000000
42.172852, 0.000000
42.187500, 0.000000
42.202148, 0.000000
42.216797, 0.000000
42.231445, 0.000000
42.246094, 0.000000
42.260742, 0.000000
42.275391, 0.000000
42.290039, 0.000000
42.304688, 0.000000
42.319336, 0.000000
42.333984, 0.000000
42.348633, 0.000000
42.363281, 0.000000
42.377930, 0.000000
42.392578, 0.000000
42.407227, 0.000000
42.421875, 0.000000
42.436523, 0.000000
42.451172, 0.000000
42.465820, 0.000000
42.480469, 0.000000
42.495117, 0.000000
42.509766, 0.000000
42.524414, 0.000000
42.539062, 0.000000
42.553711, 0.000000
42.568359, 0.000000
42.583008, 0.000000
42.597656, 0.000000
42.612305, 0.000000
42.626953, 0.000000
42.641602, 0.000000
42.656250, 0.000000
42.670898, 0.000000
42.685547, 0.000000
42.700195, 0.000000
42.714844, 0.000000
42.729492, 0.000000
42.744141, 0.000000
42.758789, 0.000000
42.773438, 0.000000
42.788086, 0.000000
42.802734, 0.000000
42.817383, 0.000000
42.832031, 0.000000
42.846680, 0.000000
42.861328, 0.000000
42.875977, 0.000000
42.890625, 0.000000
42.905273, 0.000000
42.919922, 0.000000
42.934570, 0.000000
42.949219, 0.000000
42.963867, 0.000000
42.978516, 0.000000
42.993164, 0.000000
43.007812, 0.000000
43.022461, 0.000000
43.037109, 0.000000
43.051758, 0.000000
43.066406, 0.000000
43.081055, 0.000000
43.095703, 0.000000
43.110352, 0.000000
43.125000, 0.000000
43.139648, 0.000000
43.154297, 0.000000
43.168945, 0.000000
43.183594, 0.000000
43.198242, 0.000000
43.212891, 0.000000
43.227539, 0.000000
43.242188, 0.000000
43.256836, 0.000000
43.271484, 0.000000
43.286133, 0.000000
43.300781, 0.000000
43.315430, 0.000000
43.330078, 0.000000
43.344727, 0.000000
43.359375, 0.000000
43.374023, 0.000000
43.388672, 0.000000
43.403320, 0.000000
43.417969, 0.000000
43.432617, 0.000000
43.447266, 0.000000
43.461914, 0.000000
43.476562, 0.000000
43.491211, 0.000000
43.505859, 0.000000
43.520508, 0.000000
43.535156, 0.000000
43.549805, 0.000000
43.564453, 0.000000
43.579102, 0.000000
43.593750, 0.000000
43.608398, 0.000000
43.623047, 0.000000
43.637695, 0.000000
43.652344, 0.000000
43.666992, 0.000000
43.681641, 0.000000
43.696289, 0.000000
43.710938, 0.000000
43.725586, 0.000000
43.740234, 0.000000
43.754883, 0.000000
43.769531, 0.000000
43.784180, 0.000000
43.798828, 0.000000
43.813477, 0.000000
43.828125, 0.000000
43.842773, 0.000000
43.857422, 0.000000
43.872070, 0.000000
43.886719, 0.000000
43.901367, 0.000000
43.916016, 0.000000
43.930664, 0.000000
43.945312, 0.000000
43.959961, 0.000000
43.974609, 0.000000
43.989258, 0.000000
44.003906, 0.000000
44.018555, 0.000000
44.033203, 0.000000
44.047852, 0.000000
44.062500, 0.000000
44.077148, 0.000000
44.091797, 0.000000
44.106445, 0.000000
44.121094, 0.000000
44.135742, 0.000000
44.150391, 0.000000
44.165039, 0.000000
44.179688, 0.000000
44.194336, 0.000000
44.208984, 0.000000
44.223633, 0.000000
44.238281, 0.000000
44.252930, 0.000000
44.267578, 0.000000
44.282227, 0.000000
44.296875, 0.000000
44.311523, 0.000000
44.326172, 0.000000
44.340820, 0.000000
44.355469, 0.000000
44.370117, 0.000000
44.384766, 0.000000
44.399414, 0.000000
44.414062, 0.000000
44.428711, 0.000000
44.443359, 0.000000
44.458008, 0.000000
44.472656, 0.000000
44.487305, 0.000000
44.501953, 0.000000
44.516602, 0.000000
44.531250, 0.000000
44.545898, 0.000000
44.560547, 0.000000
44.575195, 0.000000
44.589844, 0.000000
44.604492, 0.000000
44.619141, 0.000000
44.633789, 0.000000
44.648438, 0.000000
44.663086, 0.000000
44.677734, 0.000000
44.692383, 0.000000
44.707031, 0.000000
44.721680, 0.000000
44.736328, 0.000000
44.750977, 0.000000
44.765625, 0.000000
44.780273, 0.000000
44.794922, 0.000000
44.809570, 0.000000
44.824219, 0.000000
44.838867, 0.000000
44.853516, 0.000000
44.868164, 0.000000
44.882812, 0.000000
44.897461, 0.000000
44.912109, 0.000000
44.926758, 0.000000
44.941406, 0.000000
44.956055, 0.000000
44.970703, 0.000000
44.985352, 0.000000
45.000000, 0.000000
45.014648, 0.000000
45.029297, 0.000000
45.043945, 0.000000
45.058594, 0.000000
45.073242, 0.000000
45.087891, 0.000000
45.102539, 0.000000
45.117188, 0.000000
45.131836, 0.000000
45.146484, 0.000000
45.161133, 0.000000
45.175781, 0.000000
45.190430, 0.000000
45.205078, 0.000000
45.219727, 0.000000
45.234375, 0.000000
45.249023, 0.000000
45.263672, 0.000000
45.278320, 0.000000
45.292969, 0.000000
45.307617, 0.000000
45.322266, 0.000000
45.336914, 0.000000
45.351562, 0.000000
45.366211, 0.000000
45.380859, 0.000000
45.395508, 0.000000
45.410156, 0.000000
45.424805, 0.000000
45.439453, 0.000000
45.454102, 0.000000
45.468750, 0.000000
45.483398, 0.000000
45.498047, 0.000000
45.512695, 0.000000
45.527344, 0.000000
45.541992, 0.000000
45.556641, 0.000000
45.571289, 0.000000
45.585938, 0.000000
45.600586, 0.000000
45.615234, 0.000000
45.629883, 0.000000
45.644531, 0.000000
45.659180, 0.000000
45.673828, 0.000000
45.688477, 0.000000
45.703125, 0.000000
45.717773, 0.000000
45.732422, 0.000000
45.747070, 0.000000
45.761719, 0.000000
45.776367, 0.000000
45.791016, 0.000000
45.805664, 0.000000
45.820312, 0.000000
45.834961, 0.000000
45.849609, 0.000000
45.864258, 0.000000
45.878906, 0.000000
45.893555, 0.000000
45.908203, 0.000000
45.922852, 0.000000
45.937500, 0.000000
45.952148, 0.000000
45.966797, 0.000000
45.981445, 0.000000
45.996094, 0.000000
46.010742, 0.000000
46.025391, 0.000000
46.040039, 0.000000
46.054688, 0.000000
46.069336, 0.000000
46.083984, 0.000000
46.098633, 0.000000
46.113281, 0.000000
46.127930, 0.000000
46.142578, 0.000000
46.157227, 0.000000
46.171875, 0.000000
46.186523, 0.000000
46.201172, 0.000000
46.215820, 0.000000
46.230469, 0.000000
46.245117, 0.000000
46.259766, 0.000000
46.274414, 0.000000
46.289062, 0.000000
46.303711, 0.000000
46.318359, 0.000000
46.333008, 0.000000
46.347656, 0.000000
46.362305, 0.000000
46.376953, 0.000000
46.391602, 0.000000
46.406250, 0.000000
46.420898, 0.000000
46.435547, 0.000000
46.450195, 0.000000
46.464844, 0.000000
46.479492, 0.000000
46.494141, 0.000000
46.508789, 0.000000
46.523438, 0.000000
46.538086, 0.000000
46.552734, 0.000000
46.567383, 0.000000
46.582031, 0.000000
46.596680, 0.000000
46.611328, 0.000000
46.625977, 0.000000
46.640625, 0.000000
46.655273, 0.000000
46.669922, 0.000000
46.684570, 0.000000
46.699219, 0.000000
46.713867, 0.000000
46.728516, 0.000000
46.743164, 0.000000
46.757812, 0.000000
46.772461, 0.000000
46.787109, 0.000000
46.801758, 0.000000
46.816406, 0.000000
46.831055, 0.000000
46.845703, 0.000000
46.860352, 0.000000
46.875000, 0.000000
46.889648, 0.000000
46.904297, 0.000000
46.918945, 0.000000
46.933594, 0.000000
46.948242, 0.000000
46.962891, 0.000000
46.977539, 0.000000
46.992188, 0.000000
47.006836, 0.000000
47.021484, 0.000000
47.036133, 0.000000
47.050781, 0.000000
47.065430, 0.000000
47.080078, 0.000000
47.094727, 0.000000
47.109375, 0.000000
47.124023, 0.000000
47.138672, 0.000000
47.153320, 0.000000
47.167969, 0.000000
47.182617, 0.000000
47.197266, 0.000000
47.211914, 0.000000
47.226562, 0.000000
47.241211, 0.000000
47.255859, 0.000000
47.270508, 0.000000
47.285156, 0.000000
47.299805, 0.000000
47.314453, 0.000000
47.329102, 0.000000
47.343750, 0.000000
47.358398, 0.000000
47.373047, 0.000000
47.387695, 0.000000
47.402344, 0.000000
47.416992, 0.000000
47.431641, 0.000000
47.446289, 0.000000
47.460938, 0.000000
47.475586, 0.000000
47.490234, 0.000000
47.504883, 0.000000
47.519531, 0.000000
47.534180, 0.000000
47.548828, 0.000000
47.563477, 0.000000
47.578125, 0.000000
47.592773, 0.000000
47.607422, 0.000000
47.622070, 0.000000
47.636719, 0.000000
47.651367, 0.000000
47.666016, 0.000000
47.680664, 0.000000
47.695312, 0.000000
47.709961, 0.000000
47.724609, 0.000000
47.739258, 0.000000
47.753906, 0.000000
47.768555, 0.000000
47.783203, 0.000000
47.797852, 0.000000
47.812500, 0.000000
47.827148, 0.000000
47.841797, 0.000000
47.856445, 0.000000
47.871094, 0.000000
47.885742, 0.000000
47.900391, 0.000000
47.915039, 0.000000
47.929688, 0.000000
47.944336, 0.000000
47.958984, 0.000000
47.973633, 0.000000
47.988281, 0.000000
48.002930, 0.000000
48.017578, 0.000000
48.032227, 0.000000
48.046875, 0.000000
48.061523, 0.000000
48.076172, 0.000000
48.090820, 0.000000
48.105469, 0.000000
48.120117, 0.000000
48.134766, 0.000000
48.149414, 0.000000
48.164062, 0.000000
48.178711, 0.000000
48.193359, 0.000000
48.208008, 0.000000
48.222656, 0.000000
48.237305, 0.000000
48.251953, 0.000000
48.266602, 0.000000
48.281250, 0.000000
48.295898, 0.000000
48.310547, 0.000000
48.325195, 0.000000
48.339844, 0.000000
48.354492, 0.000000
48.369141, 0.000000
48.383789, 0.000000
48.398438, 0.000000
48.413086, 0.000000
48.427734, 0.000000
48.442383, 0.000000
48.457031, 0.000000
48.471680, 0.000000
48.486328, 0.000000
48.500977, 0.000000
48.515625, 0.000000
48.530273, 0.000000
48.544922, 0.000000
48.559570, 0.000000
48.574219, 0.000000
48.588867, 0.000000
48.603516, 0.000000
48.618164, 0.000000
48.632812, 0.000000
48.647461, 0.000000
48.662109, 0.000000
48.676758, 0.000000
48.691406, 0.000000
48.706055, 0.000000
48.720703, 0.000000
48.735352, 0.000000
48.750000, 0.000000
48.764648, 0.000000
48.779297, 0.000000
48.793945, 0.000000
48.808594, 0.000000
48.823242, 0.000000
48.837891, 0.000000
48.852539, 0.000000
48.867188, 0.000000
48.881836, 0.000000
48.896484, 0.000000
48.911133, 0.000000
48.925781, 0.000000
48.940430, 0.000000
48.955078, 0.000000
48.969727, 0.000000
48.984375, 0.000000
48.999023, 0.000000
49.013672, 0.000000
49.028320, 0.000000
49.042969, 0.000000
49.057617, 0.000000
49.072266, 0.000000
49.086914, 0.000000
49.101562, 0.000000
49.116211, 0.000000
49.130859, 0.000000
49.145508, 0.000000
49.160156, 0.000000
49.174805, 0.000000
49.189453, 0.000000
49.204102, 0.000000
49.218750, 0.000000
49.233398, 0.000000
49.248047, 0.000000
49.262695, 0.000000
49.277344, 0.000000
49.291992, 0.000000
49.306641, 0.000000
49.321289, 0.000000
49.335938, 0.000000
49.350586, 0.000000
49.365234, 0.000000
49.379883, 0.000000
49.394531, 0.000000
49.409180, 0.000000
49.423828, 0.000000
49.438477, 0.000000
49.453125, 0.000000
49.467773, 0.000000
49.482422, 0.000000
49.497070, 0.000000
49.511719, 0.000000
49.526367, 0.000000
49.541016, 0.000000
49.555664, 0.000000
49.570312, 0.000000
49.584961, 0.000000
49.599609, 0.000000
49.614258, 0.000000
49.628906, 0.000000
49.643555, 0.000000
49.658203, 0.000000
49.672852, 0.000000
49.687500, 0.000000
49.702148, 0.000000
49.716797, 0.000000
49.731445, 0.000000
49.746094, 0.000000
49.760742, 0.000000
49.775391, 0.000000
49.790039, 0.000000
49.804688, 0.000000
49.819336, 0.000000
49.833984, 0.000000
49.848633, 0.000000
49.863281, 0.000000
49.877930, 0.000000
49.892578, 0.000000
49.907227, 0.000000
49.921875, 0.000000
49.936523, 0.000000
49.951172, 0.000000
49.965820, 0.000000
49.980469, 0.000000
49.995117, 0.000000
50.009766, 0.000000
50.024414, 0.000000
50.039062, 0.000000
50.053711, 0.000000
50.068359, 0.000000
50.083008, 0.000000
50.097656, 0.000000
50.112305, 0.000000
50.126953, 0.000000
50.141602, 0.000000
50.156250, 0.000000
50.170898, 0.000000
50.185547, 0.000000
50.200195, 0.000000
50.214844, 0.000000
50.229492, 0.000000
50.244141, 0.000000
50.258789, 0.000000
50.273438, 0.000000
50.288086, 0.000000
50.302734, 0.000000
50.317383, 0.000000
50.332031, 0.000000
50.346680, 0.000000
50.361328, 0.000000
50.375977, 0.000000
50.390625, 0.000000
50.405273, 0.000000
50.419922, 0.000000
50.434570, 0.000000
50.449219, 0.000000
50.463867, 0.000000
50.478516, 0.000000
50.493164, 0.000000
50.507812, 0.000000
50.522461, 0.000000
50.537109, 0.000000
50.551758, 0.000000
50.566406, 0.000000
50.581055, 0.000000
50.595703, 0.000000
50.610352, 0.000000
50.625000, 0.000000
50.639648, 0.000000
50.654297, 0.000000
50.668945, 0.000000
50.683594, 0.000000
50.698242, 0.000000
50.712891, 0.000000
50.727539, 0.000000
50.742188, 0.000000
50.756836, 0.000000
50.771484, 0.000000
50.786133, 0.000000
50.800781, 0.000000
50.815430, 0.000000
50.830078, 0.000000
50.844727, 0.000000
50.859375, 0.000000
50.874023, 0.000000
50.888672, 0.000000
50.903320, 0.000000
50.917969, 0.000000
50.932617, 0.000000
50.947266, 0.000000
50.961914, 0.000000
50.976562, 0.000000
50.991211, 0.000000
51.005859, 0.000000
51.020508, 0.000000
51.035156, 0.000000
51.049805, 0.000000
51.064453, 0.000000
51.079102, 0.000000
51.093750, 0.000000
51.108398, 0.000000
51.123047, 0.000000
51.137695, 0.000000
51.152344, 0.000000
51.166992, 0.000000
51.181641, 0.000000
51.196289, 0.000000
51.210938, 0.000000
51.225586, 0.000000
51.240234, 0.000000
51.254883, 0.000000
51.269531, 0.000000
51.284180, 0.000000
51.298828, 0.000000
51.313477, 0.000000
51.328125, 0.000000
51.342773, 0.000000
51.357422, 0.000000
51.372070, 0.000000
51.386719, 0.000000
51.401367, 0.000000
51.416016, 0.000000
51.430664, 0.000000
51.445312, 0.000000
51.459961, 0.000000
51.474609, 0.000000
51.489258, 0.000000
51.503906, 0.000000
51.518555, 0.000000
51.533203, 0.000000
51.547852, 0.000000
51.562500, 0.000000
51.577148, 0.000000
51.591797, 0.000000
51.606445, 0.000000
51.621094, 0.000000
51.635742, 0.000000
51.650391, 0.000000
51.665039, 0.000000
51.679688, 0.000000
51.694336, 0.000000
51.708984, 0.000000
51.723633, 0.000000
51.738281, 0.000000
51.752930, 0.000000
51.767578, 0.000000
51.782227, 0.000000
51.796875, 0.000000
51.811523, 0.000000
51.826172, 0.000000
51.840820, 0.000000
51.855469, 0.000000
51.870117, 0.000000
51.884766, 0.000000
51.899414, 0.000000
51.914062, 0.000000
51.928711, 0.000000
51.943359, 0.000000
51.958008, 0.000000
51.972656, 0.000000
51.987305, 0.000000
52.001953, 0.000000
52.016602, 0.000000
52.031250, 0.000000
52.045898, 0.000000
52.060547, 0.000000
52.075195, 0.000000
52.089844, 0.000000
52.104492, 0.000000
52.119141, 0.000000
52.133789, 0.000000
52.148438, 0.000000
52.163086, 0.000000
52.177734, 0.000000
52.192383, 0.000000
52.207031, 0.000000
52.221680, 0.000000
52.236328, 0.000000
52.250977, 0.000000
52.265625, 0.000000
52.280273, 0.000000
52.294922, 0.000000
52.309570, 0.000000
52.324219, 0.000000
52.338867, 0.000000
52.353516, 0.000000
52.368164, 0.000000
52.382812, 0.000000
52.397461, 0.000000
52.412109, 0.000000
52.426758, 0.000000
52.441406, 0.000000
52.456055, 0.000000
52.470703, 0.000000
52.485352, 0.000000
52.500000, 0.000000
52.514648, 0.000000
52.529297, 0.000000
52.543945, 0.000000
52.558594, 0.000000
52.573242, 0.000000
52.587891, 0.000000
52.602539, 0.000000
52.617188, 0.000000
52.631836, 0.000000
52.646484, 0.000000
52.661133, 0.000000
52.675781, 0.000000
52.690430, 0.000000
52.705078, 0.000000
52.719727, 0.000000
52.734375, 0.000000
52.749023, 0.000000
52.763672, 0.000000
52.778320, 0.000000
52.792969, 0.000000
52.807617, 0.000000
52.822266, 0.000000
52.836914, 0.000000
52.851562, 0.000000
52.866211, 0.000000
52.880859, 0.000000
52.895508, 0.000000
52.910156, 0.000000
52.924805, 0.000000
52.939453, 0.000000
52.954102, 0.000000
52.968750, 0.000000
52.983398, 0.000000
52.998047, 0.000000
53.012695, 0.000000
53.027344, 0.000000
53.041992, 0.000000
53.056641, 0.000000
53.071289, 0.000000
53.085938, 0.000000
53.100586, 0.000000
53.115234, 0.000000
53.129883, 0.000000
53.144531, 0.000000
53.159180, 0.000000
53.173828, 0.000000
53.188477, 0.000000
53.203125, 0.000000
53.217773, 0.000000
53.232422, 0.000000
53.247070, 0.000000
53.261719, 0.000000
53.276367, 0.000000
53.291016, 0.000000
53.305664, 0.000000
53.320312, 0.000000
53.334961, 0.000000
53.349609, 0.000000
53.364258, 0.000000
53.378906, 0.000000
53.393555, 0.000000
53.408203, 0.000000
53.422852, 0.000000
53.437500, 0.000000
53.452148, 0.000000
53.466797, 0.000000
53.481445, 0.000000
53.496094, 0.000000
53.510742, 0.000000
53.525391, 0.000000
53.540039, 0.000000
53.554688, 0.000000
53.569336, 0.000000
53.583984, 0.000000
53.598633, 0.000000
53.613281, 0.000000
53.627930, 0.000000
53.642578, 0.000000
53.657227, 0.000000
53.671875, 0.000000
53.686523, 0.000000
53.701172, 0.000000
53.715820, 0.000000
53.730469, 0.000000
53.745117, 0.000000
53.759766, 0.000000
53.774414, 0.000000
53.789062, 0.000000
53.803711, 0.000000
53.818359, 0.000000
53.833008, 0.000000
53.847656, 0.000000
53.862305, 0.000000
53.876953, 0.000000
53.891602, 0.000000
53.906250, 0.000000
53.920898, 0.000000
53.935547, 0.000000
53.950195, 0.000000
53.964844, 0.000000
53.979492, 0.000000
53.994141, 0.000000
54.008789, 0.000000
54.023438, 0.000000
54.038086, 0.000000
54.052734, 0.000000
54.067383, 0.000000
54.082031, 0.000000
54.096680, 0.000000
54.111328, 0.000000
54.125977, 0.000000
54.140625, 0.000000
54.155273, 0.000000
54.169922, 0.000000
54.184570, 0.000000
54.199219, 0.000000
54.213867, 0.000000
54.228516, 0.000000
54.243164, 0.000000
54.257812, 0.000000
54.272461, 0.000000
54.287109, 0.000000
54.301758, 0.000000
54.316406, 0.000000
54.331055, 0.000000
54.345703, 0.000000
54.360352, 0.000000
54.375000, 0.000000
54.389648, 0.000000
54.404297, 0.000000
54.418945, 0.000000
54.433594, 0.000000
54.448242, 0.000000
54.462891, 0.000000
54.477539, 0.000000
54.492188, 0.000000
54.506836, 0.000000
54.521484, 0.000000
54.536133, 0.000000
54.550781, 0.000000
54.565430, 0.000000
54.580078, 0.000000
54.594727, 0.000000
54.609375, 0.000000
54.624023, 0.000000
54.638672, 0.000000
54.653320, 0.000000
54.667969, 0.000000
54.682617, 0.000000
54.697266, 0.000000
54.711914, 0.000000
54.726562, 0.000000
54.741211, 0.000000
54.755859, 0.000000
54.770508, 0.000000
54.785156, 0.000000
54.799805, 0.000000
54.814453, 0.000000
54.829102, 0.000000
54.843750, 0.000000
54.858398, 0.000000
54.873047, 0.000000
54.887695, 0.000000
54.902344, 0.000000
54.916992, 0.000000
54.931641, 0.000000
54.946289, 0.000000
54.960938, 0.000000
54.975586, 0.000000
54.990234, 0.000000
55.004883, 0.000000
55.019531, 0.000000
55.034180, 0.000000
55.048828, 0.000000
55.063477, 0.000000
55.078125, 0.000000
55.092773, 0.000000
55.107422, 0.000000
55.122070, 0.000000
55.136719, 0.000000
55.151367, 0.000000
55.166016, 0.000000
55.180664, 0.000000
55.195312, 0.000000
55.209961, 0.000000
55.224609, 0.000000
55.239258, 0.000000
55.253906, 0.000000
55.268555, 0.000000
55.283203, 0.000000
55.297852, 0.000000
55.312500, 0.000000
55.327148, 0.000000
55.341797, 0.000000
55.356445, 0.000000
55.371094, 0.000000
55.385742, 0.000000
55.400391, 0.000000
55.415039, 0.000000
55.429688, 0.000000
55.444336, 0.000000
55.458984, 0.000000
55.473633, 0.000000
55.488281, 0.000000
55.502930, 0.000000
55.517578, 0.000000
55.532227, 0.000000
55.546875, 0.000000
55.561523, 0.000000
55.576172, 0.000000
55.590820, 0.000000
55.605469, 0.000000
55.620117, 0.000000
55.634766, 0.000000
55.649414, 0.000000
55.664062, 0.000000
55.678711, 0.000000
55.693359, 0.000000
55.708008, 0.000000
55.722656, 0.000000
55.737305, 0.000000
55.751953, 0.000000
55.766602, 0.000000
55.781250, 0.000000
55.795898, 0.000000
55.810547, 0.000000
55.825195, 0.000000
55.839844, 0.000000
55.854492, 0.000000
55.869141, 0.000000
55.883789, 0.000000
55.898438, 0.000000
55.913086, 0.000000
55.927734, 0.000000
55.942383, 0.000000
55.957031, 0.000000
55.971680, 0.000000
55.986328, 0.000000
56.000977, 0.000000
56.015625, 0.000000
56.030273, 0.000000
56.044922, 0.000000
56.059570, 0.000000
56.074219, 0.000000
56.088867, 0.000000
56.103516, 0.000000
56.118164, 0.000000
56.132812, 0.000000
56.147461, 0.000000
56.162109, 0.000000
56.176758, 0.000000
56.191406, 0.000000
56.206055, 0.000000
56.220703, 0.000000
56.235352, 0.000000
56.250000, 0.000000
56.264648, 0.000000
56.279297, 0.000000
56.293945, 0.000000
56.308594, 0.000000
56.323242, 0.000000
56.337891, 0.000000
56.352539, 0.000000
56.367188, 0.000000
56.381836, 0.000000
56.396484, 0.000000
56.411133, 0.000000
56.425781, 0.000000
56.440430, 0.000000
56.455078, 0.000000
56.469727, 0.000000
56.484375, 0.000000
56.499023, 0.000000
56.513672, 0.000000
56.528320, 0.000000
56.542969, 0.000000
56.557617, 0.000000
56.572266, 0.000000
56.586914, 0.000000
56.601562, 0.000000
56.616211, 0.000000
56.630859, 0.000000
56.645508, 0.000000
56.660156, 0.000000
56.674805, 0.000000
56.689453, 0.000000
56.704102, 0.000000
56.718750, 0.000000
56.733398, 0.000000
56.748047, 0.000000
56.762695, 0.000000
56.777344, 0.000000
56.791992, 0.000000
56.806641, 0.000000
56.821289, 0.000000
56.835938, 0.000000
56.850586, 0.000000
56.865234, 0.000000
56.879883, 0.000000
56.894531, 0.000000
56.909180, 0.000000
56.923828, 0.000000
56.938477, 0.000000
56.953125, 0.000000
56.967773, 0.000000
56.982422, 0.000000
56.997070, 0.000000
57.011719, 0.000000
57.026367, 0.000000
57.041016, 0.000000
57.055664, 0.000000
57.070312, 0.000000
57.084961, 0.000000
57.099609, 0.000000
57.114258, 0.000000
57.128906, 0.000000
57.143555, 0.000000
57.158203, 0.000000
57.172852, 0.000000
57.187500, 0.000000
57.202148, 0.000000
57.216797, 0.000000
57.231445, 0.000000
57.246094, 0.000000
57.260742, 0.000000
57.275391, 0.000000
57.290039, 0.000000
57.304688, 0.000000
57.319336, 0.000000
57.333984, 0.000000
57.348633, 0.000000
57.363281, 0.000000
57.377930, 0.000000
57.392578, 0.000000
57.407227, 0.000000
57.421875, 0.000000
57.436523, 0.000000
57.451172, 0.000000
57.465820, 0.000000
57.480469, 0.000000
57.495117, 0.000000
57.509766, 0.000000
57.524414, 0.000000
57.539062, 0.000000
57.553711, 0.000000
57.568359, 0.000000
57.583008, 0.000000
57.597656, 0.000000
57.612305, 0.000000
57.626953, 0.000000
57.641602, 0.000000
57.656250, 0.000000
57.670898, 0.000000
57.685547, 0.000000
57.700195, 0.000000
57.714844, 0.000000
57.729492, 0.000000
57.744141, 0.000000
57.758789, 0.000000
57.773438, 0.000000
57.788086, 0.000000
57.802734, 0.000000
57.817383, 0.000000
57.832031, 0.000000
57.846680, 0.000000
57.861328, 0.000000
57.875977, 0.000000
57.890625, 0.000000
57.905273, 0.000000
57.919922, 0.000000
57.934570, 0.000000
57.949219, 0.000000
57.963867, 0.000000
57.978516, 0.000000
57.993164, 0.000000
58.007812, 0.000000
58.022461, 0.000000
58.037109, 0.000000
58.051758, 0.000000
58.066406, 0.000000
58.081055, 0.000000
58.095703, 0.000000
58.110352, 0.000000
58.125000, 0.000000
58.139648, 0.000000
58.154297, 0.000000
58.168945, 0.000000
58.183594, 0.000000
58.198242, 0.000000
58.212891, 0.000000
58.227539, 0.000000
58.242188, 0.000000
58.256836, 0.000000
58.271484, 0.000000
58.286133, 0.000000
58.300781, 0.000000
58.315430, 0.000000
58.330078, 0.000000
58.344727, 0.000000
58.359375, 0.000000
58.374023, 0.000000
58.388672, 0.000000
58.403320, 0.000000
58.417969, 0.000000
58.432617, 0.000000
58.447266, 0.000000
58.461914, 0.000000
58.476562, 0.000000
58.491211, 0.000000
58.505859, 0.000000
58.520508, 0.000000
58.535156, 0.000000
58.549805, 0.000000
58.564453, 0.000000
58.579102, 0.000000
58.593750, 0.000000
58.608398, 0.000000
58.623047, 0.000000
58.637695, 0.000000
58.652344, 0.000000
58.666992, 0.000000
58.681641, 0.000000
58.696289, 0.000000
58.710938, 0.000000
58.725586, 0.000000
58.740234, 0.000000
58.754883, 0.000000
58.769531, 0.000000
58.784180, 0.000000
58.798828, 0.000000
58.813477, 0.000000
58.828125, 0.000000
58.842773, 0.000000
58.857422, 0.000000
58.872070, 0.000000
58.886719, 0.000000
58.901367, 0.000000
58.916016, 0.000000
58.930664, 0.000000
58.945312, 0.000000
58.959961, 0.000000
58.974609, 0.000000
58.989258, 0.000000
59.003906, 0.000000
59.018555, 0.000000
59.033203, 0.000000
59.047852, 0.000000
59.062500, 0.000000
59.077148, 0.000000
59.091797, 0.000000
59.106445, 0.000000
59.121094, 0.000000
59.135742, 0.000000
59.150391, 0.000000
59.165039, 0.000000
59.179688, 0.000000
59.194336, 0.000000
59.208984, 0.000000
59.223633, 0.000000
59.238281, 0.000000
59.252930, 0.000000
59.267578, 0.000000
59.282227, 0.000000
59.296875, 0.000000
59.311523, 0.000000
59.326172, 0.000000
59.340820, 0.000000
59.355469, 0.000000
59.370117, 0.000000
59.384766, 0.000000
59.399414, 0.000000
59.414062, 0.000000
59.428711, 0.000000
59.443359, 0.000000
59.458008, 0.000000
59.472656, 0.000000
59.487305, 0.000000
59.501953, 0.000000
59.516602, 0.000000
59.531250, 0.000000
59.545898, 0.000000
59.560547, 0.000000
59.575195, 0.000000
59.589844, 0.000000
59.604492, 0.000000
59.619141, 0.000000
59.633789, 0.000000
59.648438, 0.000000
59.663086, 0.000000
59.677734, 0.000000
59.692383, 0.000000
59.707031, 0.000000
59.721680, 0.000000
59.736328, 0.000000
59.750977, 0.000000
59.765625, 0.000000
59.780273, 0.000000
59.794922, 0.000000
59.809570, 0.000000
59.824219, 0.000000
59.838867, 0.000000
59.853516, 0.000000
59.868164, 0.000000
59.882812, 0.000000
59.897461, 0.000000
59.912109, 0.000000
59.926758, 0.000000
59.941406, 0.000000
59.956055, 0.000000
59.970703, 0.000000
59.985352, 0.000000
60.000000, 0.000000
